0 0.6390692640692641 0.3233579479207151 0.16233766233766234 0.11659541391371939
0 0.7413419913419913 0.28254955305091334 0.16233766233766234 0.11659541391371939
0 0.6433982683982684 0.6086280606296153 0.16233766233766234 0.11659541391371939
0 0.5882034632034632 0.18694131364166341 0.16233766233766234 0.11659541391371939
0 0.7164502164502164 0.43684415079673533 0.16233766233766234 0.11659541391371939
0 0.22402597402597402 0.3618344345122425 0.16233766233766234 0.11659541391371939
0 0.48538961038961037 0.7850757870190439 0.16233766233766234 0.11659541391371939
0 0.4588744588744589 0.48270501360279827 0.16233766233766234 0.11659541391371939
0 0.4318181818181818 0.3276331130975515 0.16233766233766234 0.11659541391371939
0 0.5162337662337663 0.4080839486980179 0.16233766233766234 0.11659541391371939
