0 0.6203501094091903 0.4292604501607717 0.16411378555798686 0.1607717041800643
0 0.4797592997811816 0.5503751339764201 0.16411378555798686 0.1607717041800643
0 0.4113785557986871 0.2990353697749196 0.16411378555798686 0.1607717041800643
0 0.5300875273522976 0.714898177920686 0.16411378555798686 0.1607717041800643
0 0.49781181619256015 0.24383708467309753 0.16411378555798686 0.1607717041800643
0 0.325492341356674 0.5048231511254019 0.16411378555798686 0.1607717041800643
0 0.4852297592997812 0.42765273311897106 0.16411378555798686 0.1607717041800643
0 0.21280087527352298 0.5980707395498392 0.16411378555798686 0.1607717041800643
0 0.2510940919037199 0.304930332261522 0.16411378555798686 0.1607717041800643
0 0.7149890590809628 0.19239013933547697 0.16411378555798686 0.1607717041800643
