0 0.5936777178103315 0.8698132780082988 0.2313030069390902 0.15560165975103735
0 0.7887432536622976 0.2059128630705394 0.2313030069390902 0.15560165975103735
0 0.46491904394757133 0.5321576763485477 0.2313030069390902 0.15560165975103735
0 0.14957594448727835 0.35684647302904565 0.2313030069390902 0.15560165975103735
0 0.6684656900539707 0.4766597510373444 0.2313030069390902 0.15560165975103735
0 0.38858905165767155 0.3552904564315353 0.2313030069390902 0.15560165975103735
0 0.12336160370084812 0.19346473029045644 0.2313030069390902 0.15560165975103735
0 0.46954510408635314 0.20487551867219916 0.2313030069390902 0.15560165975103735
0 0.3338473400154202 0.11203319502074689 0.2313030069390902 0.15560165975103735
0 0.5111796453353894 0.7048755186721992 0.2313030069390902 0.15560165975103735
