0 0.609564596716631 0.6047904191616766 0.10706638115631692 0.0998003992015968
0 0.3351177730192719 0.38855622089155023 0.10706638115631692 0.0998003992015968
0 0.6802284082798001 0.38855622089155023 0.10706638115631692 0.0998003992015968
0 0.38900785153461814 0.3313373253493014 0.10706638115631692 0.0998003992015968
0 0.483226266952177 0.27644710578842313 0.10706638115631692 0.0998003992015968
0 0.4225553176302641 0.7315369261477046 0.10706638115631692 0.0998003992015968
0 0.5396145610278372 0.45209580838323354 0.10706638115631692 0.0998003992015968
0 0.7669521770164168 0.23120425815036594 0.10706638115631692 0.0998003992015968
0 0.46645253390435404 0.6180971390552229 0.10706638115631692 0.0998003992015968
0 0.6895074946466809 0.19926813040585495 0.10706638115631692 0.0998003992015968
