0 0.7318741450068399 0.48405521180390293 0.2051983584131327 0.14278914802475012
0 0.5389876880984952 0.17087101380295097 0.2051983584131327 0.14278914802475012
0 0.3679890560875513 0.5211803902903379 0.2051983584131327 0.14278914802475012
0 0.5820793433652531 0.13707758210376011 0.2051983584131327 0.14278914802475012
0 0.23666210670314639 0.5416468348405521 0.2051983584131327 0.14278914802475012
0 0.4993160054719562 0.48786292241789625 0.2051983584131327 0.14278914802475012
0 0.4794801641586867 0.2846263683960019 0.2051983584131327 0.14278914802475012
0 0.46511627906976744 0.14278914802475012 0.2051983584131327 0.14278914802475012
0 0.6874145006839946 0.7206092336982389 0.2051983584131327 0.14278914802475012
0 0.49658002735978113 0.7125178486435031 0.2051983584131327 0.14278914802475012
