0 0.4846382556987116 0.2597590361445783 0.29732408325074333 0.14457831325301204
0 0.4658077304261645 0.7161445783132531 0.29732408325074333 0.14457831325301204
0 0.6055500495540139 0.4207228915662651 0.29732408325074333 0.14457831325301204
0 0.6075322101090188 0.4525301204819277 0.29732408325074333 0.14457831325301204
0 0.2398414271555996 0.6274698795180723 0.29732408325074333 0.14457831325301204
0 0.42120911793855303 0.4578313253012048 0.29732408325074333 0.14457831325301204
0 0.4578790882061447 0.9171084337349398 0.29732408325074333 0.14457831325301204
0 0.16253716551040634 0.3860240963855422 0.29732408325074333 0.14457831325301204
0 0.6273538156590683 0.6886746987951807 0.29732408325074333 0.14457831325301204
0 0.5837462834489594 0.5421686746987951 0.29732408325074333 0.14457831325301204
