0 0.4862068965517241 0.5206880520688052 0.25862068965517243 0.1394700139470014
0 0.7241379310344828 0.35518363551836357 0.25862068965517243 0.1394700139470014
0 0.3275862068965517 0.5629939562993956 0.25862068965517243 0.1394700139470014
0 0.503448275862069 0.8335657833565784 0.25862068965517243 0.1394700139470014
0 0.5767241379310345 0.6792189679218968 0.25862068965517243 0.1394700139470014
0 0.3724137931034483 0.2315202231520223 0.25862068965517243 0.1394700139470014
0 0.6836206896551724 0.0901906090190609 0.25862068965517243 0.1394700139470014
0 0.30431034482758623 0.30590423059042304 0.25862068965517243 0.1394700139470014
0 0.4862068965517241 0.38354253835425384 0.25862068965517243 0.1394700139470014
0 0.6853448275862069 0.23291492329149233 0.25862068965517243 0.1394700139470014
