0 0.7081770442610653 0.282103134479272 0.2250562640660165 0.10111223458038422
0 0.47186796699174793 0.2103134479271992 0.2250562640660165 0.10111223458038422
0 0.2625656414103526 0.21132457027300303 0.2250562640660165 0.10111223458038422
0 0.4021005251312828 0.6157735085945399 0.2250562640660165 0.10111223458038422
0 0.32333083270817703 0.3845635321873947 0.2250562640660165 0.10111223458038422
0 0.2843210802700675 0.673407482305359 0.2250562640660165 0.10111223458038422
0 0.6766691672918229 0.2301988540613414 0.2250562640660165 0.10111223458038422
0 0.5393848462115529 0.4954499494438827 0.2250562640660165 0.10111223458038422
0 0.7096774193548387 0.4914054600606673 0.2250562640660165 0.10111223458038422
0 0.5888972243060765 0.38018200202224467 0.2250562640660165 0.10111223458038422
