0 0.6646706586826348 0.2993655828707375 0.2245508982035928 0.11895321173671689
0 0.5067365269461078 0.16494845360824742 0.2245508982035928 0.11895321173671689
0 0.16766467065868262 0.232355273592387 0.2245508982035928 0.11895321173671689
0 0.26122754491017963 0.47977795400475814 0.2245508982035928 0.11895321173671689
0 0.8233532934131736 0.7977795400475813 0.2245508982035928 0.11895321173671689
0 0.4041916167664671 0.2160983346550357 0.2245508982035928 0.11895321173671689
0 0.6145209580838323 0.598334655035686 0.2245508982035928 0.11895321173671689
0 0.4296407185628742 0.2973830293417922 0.2245508982035928 0.11895321173671689
0 0.6848802395209581 0.471847739888977 0.2245508982035928 0.11895321173671689
0 0.4184131736526946 0.36320380650277556 0.2245508982035928 0.11895321173671689
