0 0.7171339563862928 0.653607574273588 0.18691588785046728 0.0979431929480901
0 0.6205607476635514 0.5399934704538034 0.18691588785046728 0.0979431929480901
0 0.3414330218068536 0.22820763956904996 0.18691588785046728 0.0979431929480901
0 0.6635514018691588 0.2464903689193601 0.18691588785046728 0.0979431929480901
0 0.697196261682243 0.39764936336924583 0.18691588785046728 0.0979431929480901
0 0.4342679127725857 0.3914462944825335 0.18691588785046728 0.0979431929480901
0 0.329595015576324 0.35031015344433564 0.18691588785046728 0.0979431929480901
0 0.540809968847352 0.3137446947437153 0.18691588785046728 0.0979431929480901
0 0.37570093457943926 0.5298726738491675 0.18691588785046728 0.0979431929480901
0 0.778816199376947 0.18968331700946783 0.18691588785046728 0.0979431929480901
