0 0.6432258064516129 0.2032384142936907 0.1935483870967742 0.16750418760469013
0 0.34258064516129033 0.8570630932439978 0.1935483870967742 0.16750418760469013
0 0.23870967741935484 0.5293132328308208 0.1935483870967742 0.16750418760469013
0 0.2238709677419355 0.6923506420993858 0.1935483870967742 0.16750418760469013
0 0.3064516129032258 0.1836962590731435 0.1935483870967742 0.16750418760469013
0 0.5580645161290323 0.4528196538246789 0.1935483870967742 0.16750418760469013
0 0.3496774193548387 0.41429369067560023 0.1935483870967742 0.16750418760469013
0 0.3638709677419355 0.7336683417085427 0.1935483870967742 0.16750418760469013
0 0.13419354838709677 0.39028475711892796 0.1935483870967742 0.16750418760469013
0 0.4509677419354839 0.5605806811836963 0.1935483870967742 0.16750418760469013
