0 0.42022940563086547 0.20917721518987342 0.15641293013555788 0.0949367088607595
0 0.4478623566214807 0.45569620253164556 0.15641293013555788 0.0949367088607595
0 0.6454640250260688 0.2731012658227848 0.15641293013555788 0.0949367088607595
0 0.5625651720542232 0.395253164556962 0.15641293013555788 0.0949367088607595
0 0.3029197080291971 0.14145569620253165 0.15641293013555788 0.0949367088607595
0 0.43899895724713245 0.2610759493670886 0.15641293013555788 0.0949367088607595
0 0.23096976016684045 0.20822784810126582 0.15641293013555788 0.0949367088607595
0 0.3472367049009385 0.5522151898734177 0.15641293013555788 0.0949367088607595
0 0.7601668404588112 0.27689873417721517 0.15641293013555788 0.0949367088607595
0 0.6339937434827946 0.20537974683544305 0.15641293013555788 0.0949367088607595
