0 0.5821276595744681 0.15222711698482624 0.2553191489361702 0.14684287812041116
0 0.4646808510638298 0.40822320117474303 0.2553191489361702 0.14684287812041116
0 0.16085106382978723 0.19530102790014683 0.2553191489361702 0.14684287812041116
0 0.21361702127659574 0.3573176700930005 0.2553191489361702 0.14684287812041116
0 0.8314893617021276 0.19285364659814 0.2553191489361702 0.14684287812041116
0 0.36425531914893616 0.13705335291238374 0.2553191489361702 0.14684287812041116
0 0.31574468085106383 0.8213411649534997 0.2553191489361702 0.14684287812041116
0 0.5974468085106382 0.67498776309349 0.2553191489361702 0.14684287812041116
0 0.18127659574468086 0.5325501713166911 0.2553191489361702 0.14684287812041116
0 0.29531914893617023 0.6642192853646598 0.2553191489361702 0.14684287812041116
