0 0.862013851891316 0.13104693140794224 0.15982951518380395 0.10830324909747292
0 0.22109749600426212 0.11588447653429602 0.15982951518380395 0.10830324909747292
0 0.2733084709643047 0.7036101083032491 0.15982951518380395 0.10830324909747292
0 0.5945657964837506 0.05415162454873646 0.15982951518380395 0.10830324909747292
0 0.6675546084176878 0.6324909747292419 0.15982951518380395 0.10830324909747292
0 0.4837506659563133 0.34115523465703973 0.15982951518380395 0.10830324909747292
0 0.7032498668087374 0.2216606498194946 0.15982951518380395 0.10830324909747292
0 0.6068193926478423 0.06173285198555957 0.15982951518380395 0.10830324909747292
0 0.28129994672349495 0.4444043321299639 0.15982951518380395 0.10830324909747292
0 0.6046883324453916 0.4657039711191336 0.15982951518380395 0.10830324909747292
