0 0.3551263001485884 0.43785772690106295 0.1485884101040119 0.12264922322158626
0 0.3476968796433878 0.32461161079313167 0.1485884101040119 0.12264922322158626
0 0.6800396235760278 0.24529844644317253 0.1485884101040119 0.12264922322158626
0 0.37444279346210996 0.7326246933769419 0.1485884101040119 0.12264922322158626
0 0.5552253590886578 0.23426001635322977 0.1485884101040119 0.12264922322158626
0 0.6716196136701337 0.33156173344235484 0.1485884101040119 0.12264922322158626
0 0.5908865775136206 0.4423548650858545 0.1485884101040119 0.12264922322158626
0 0.4175334323922734 0.5932134096484055 0.1485884101040119 0.12264922322158626
0 0.3135215453194651 0.2649223221586263 0.1485884101040119 0.12264922322158626
0 0.3368003962357603 0.5089942763695829 0.1485884101040119 0.12264922322158626
