0 0.5470679012345679 0.36317235963879074 0.23148148148148148 0.11778563015312132
0 0.7106481481481481 0.32351786415390654 0.23148148148148148 0.11778563015312132
0 0.6905864197530864 0.143698468786808 0.23148148148148148 0.11778563015312132
0 0.3441358024691358 0.5206124852767963 0.23148148148148148 0.11778563015312132
0 0.3742283950617284 0.607773851590106 0.23148148148148148 0.11778563015312132
0 0.3873456790123457 0.13191990577149587 0.23148148148148148 0.11778563015312132
0 0.4992283950617284 0.8162544169611308 0.23148148148148148 0.11778563015312132
0 0.5509259259259259 0.5669414998036906 0.23148148148148148 0.11778563015312132
0 0.3773148148148148 0.3525716529250098 0.23148148148148148 0.11778563015312132
0 0.30324074074074076 0.19042010208087948 0.23148148148148148 0.11778563015312132
