0 0.30113636363636365 0.7229087452471483 0.2435064935064935 0.14258555133079848
0 0.6201298701298701 0.5399239543726235 0.2435064935064935 0.14258555133079848
0 0.2150974025974026 0.5118821292775665 0.2435064935064935 0.14258555133079848
0 0.8003246753246753 0.3056083650190114 0.2435064935064935 0.14258555133079848
0 0.1728896103896104 0.15066539923954372 0.2435064935064935 0.14258555133079848
0 0.6818181818181818 0.4035171102661597 0.2435064935064935 0.14258555133079848
0 0.32954545454545453 0.3502851711026616 0.2435064935064935 0.14258555133079848
0 0.6672077922077922 0.1744296577946768 0.2435064935064935 0.14258555133079848
0 0.3758116883116883 0.5299429657794676 0.2435064935064935 0.14258555133079848
0 0.5616883116883117 0.714828897338403 0.2435064935064935 0.14258555133079848
