0 0.31822660098522165 0.6738683127572016 0.2955665024630542 0.15432098765432098
0 0.3832512315270936 0.8467078189300411 0.2955665024630542 0.15432098765432098
0 0.6128078817733991 0.5020576131687243 0.2955665024630542 0.15432098765432098
0 0.3842364532019704 0.4027777777777778 0.2955665024630542 0.15432098765432098
0 0.6295566502463055 0.18106995884773663 0.2955665024630542 0.15432098765432098
0 0.6916256157635468 0.28497942386831276 0.2955665024630542 0.15432098765432098
0 0.1477832512315271 0.3420781893004115 0.2955665024630542 0.15432098765432098
0 0.2019704433497537 0.2788065843621399 0.2955665024630542 0.15432098765432098
0 0.28472906403940884 0.5483539094650206 0.2955665024630542 0.15432098765432098
0 0.2512315270935961 0.07716049382716049 0.2955665024630542 0.15432098765432098
