0 0.4716183574879227 0.2926356589147287 0.18115942028985507 0.14534883720930233
0 0.4082125603864734 0.5518410852713178 0.18115942028985507 0.14534883720930233
0 0.8242753623188406 0.4176356589147287 0.18115942028985507 0.14534883720930233
0 0.6660628019323671 0.5532945736434108 0.18115942028985507 0.14534883720930233
0 0.6545893719806763 0.40891472868217055 0.18115942028985507 0.14534883720930233
0 0.5561594202898551 0.6041666666666666 0.18115942028985507 0.14534883720930233
0 0.33152173913043476 0.21463178294573643 0.18115942028985507 0.14534883720930233
0 0.4311594202898551 0.16569767441860464 0.18115942028985507 0.14534883720930233
0 0.49879227053140096 0.436531007751938 0.18115942028985507 0.14534883720930233
0 0.7481884057971014 0.3250968992248062 0.18115942028985507 0.14534883720930233
