0 0.26819296811120197 0.1797505502567865 0.24529844644317253 0.11005135730007337
0 0.5290269828291088 0.247982391782832 0.24529844644317253 0.11005135730007337
0 0.6369582992641046 0.5858400586940572 0.24529844644317253 0.11005135730007337
0 0.5502861815208504 0.08730741012472487 0.24529844644317253 0.11005135730007337
0 0.47914963205233035 0.45818048422597213 0.24529844644317253 0.11005135730007337
0 0.2820932134096484 0.1206896551724138 0.24529844644317253 0.11005135730007337
0 0.6835650040883074 0.2292736610418195 0.24529844644317253 0.11005135730007337
0 0.43172526573998365 0.3371239911958914 0.24529844644317253 0.11005135730007337
0 0.6950122649223222 0.45084372707263387 0.24529844644317253 0.11005135730007337
0 0.437448896156991 0.5825385179750551 0.24529844644317253 0.11005135730007337
