0 0.842436974789916 0.22274387063119458 0.31512605042016806 0.1564945226917058
0 0.5577731092436975 0.2102243088158581 0.31512605042016806 0.1564945226917058
0 0.717436974789916 0.36098069900886803 0.31512605042016806 0.1564945226917058
0 0.22899159663865545 0.352112676056338 0.31512605042016806 0.1564945226917058
0 0.21428571428571427 0.8247261345852895 0.31512605042016806 0.1564945226917058
0 0.47163865546218486 0.7689097548252478 0.31512605042016806 0.1564945226917058
0 0.20168067226890757 0.4908711528429838 0.31512605042016806 0.1564945226917058
0 0.842436974789916 0.11580594679186229 0.31512605042016806 0.1564945226917058
0 0.25 0.19666145018257694 0.31512605042016806 0.1564945226917058
0 0.5777310924369747 0.5065206051121544 0.31512605042016806 0.1564945226917058
