0 0.8983050847457628 0.08485772357723577 0.2033898305084746 0.1524390243902439
0 0.6447457627118645 0.1559959349593496 0.2033898305084746 0.1524390243902439
0 0.6128813559322034 0.0975609756097561 0.2033898305084746 0.1524390243902439
0 0.5227118644067796 0.0975609756097561 0.2033898305084746 0.1524390243902439
0 0.6969491525423729 0.13973577235772358 0.2033898305084746 0.1524390243902439
0 0.5701694915254237 0.2027439024390244 0.2033898305084746 0.1524390243902439
0 0.33016949152542374 0.25965447154471544 0.2033898305084746 0.1524390243902439
0 0.5267796610169492 0.15447154471544716 0.2033898305084746 0.1524390243902439
0 0.8420338983050848 0.11991869918699187 0.2033898305084746 0.1524390243902439
0 0.6094915254237289 0.18241869918699186 0.2033898305084746 0.1524390243902439
