0 0.3596559812353401 0.2875846501128668 0.23455824863174354 0.13544018058690746
0 0.6348709929632526 0.491647855530474 0.23455824863174354 0.13544018058690746
0 0.7412040656763096 0.7598194130925507 0.23455824863174354 0.13544018058690746
0 0.8053166536356529 0.3860045146726862 0.23455824863174354 0.13544018058690746
0 0.5152462861610634 0.854176072234763 0.23455824863174354 0.13544018058690746
0 0.3494917904612979 0.5399548532731377 0.23455824863174354 0.13544018058690746
0 0.7998436278342455 0.236117381489842 0.23455824863174354 0.13544018058690746
0 0.5285379202501954 0.2036117381489842 0.23455824863174354 0.13544018058690746
0 0.49960906958561374 0.691196388261851 0.23455824863174354 0.13544018058690746
0 0.6489444878811571 0.10699774266365689 0.23455824863174354 0.13544018058690746
