0 0.3787878787878788 0.2594210813762971 0.21645021645021645 0.1638448935008192
0 0.4083694083694084 0.5947569634079738 0.21645021645021645 0.1638448935008192
0 0.40476190476190477 0.4369197160021846 0.21645021645021645 0.1638448935008192
0 0.5786435786435786 0.6941561987984708 0.21645021645021645 0.1638448935008192
0 0.5432900432900433 0.375204806116876 0.21645021645021645 0.1638448935008192
0 0.6803751803751804 0.5565264882577826 0.21645021645021645 0.1638448935008192
0 0.5454545454545454 0.0819224467504096 0.21645021645021645 0.1638448935008192
0 0.65007215007215 0.4281813216821409 0.21645021645021645 0.1638448935008192
0 0.7041847041847041 0.3255051884216275 0.21645021645021645 0.1638448935008192
0 0.8253968253968254 0.2435827416712179 0.21645021645021645 0.1638448935008192
