0 0.5040849673202614 0.7519685039370079 0.24509803921568626 0.1687289088863892
0 0.5473856209150327 0.2592800899887514 0.24509803921568626 0.1687289088863892
0 0.2540849673202614 0.4611923509561305 0.24509803921568626 0.1687289088863892
0 0.670751633986928 0.297525309336333 0.24509803921568626 0.1687289088863892
0 0.826797385620915 0.7598425196850394 0.24509803921568626 0.1687289088863892
0 0.7361111111111112 0.21484814398200225 0.24509803921568626 0.1687289088863892
0 0.5874183006535948 0.5134983127109112 0.24509803921568626 0.1687289088863892
0 0.41748366013071897 0.3172103487064117 0.24509803921568626 0.1687289088863892
0 0.33578431372549017 0.6507311586051744 0.24509803921568626 0.1687289088863892
0 0.7990196078431373 0.4887514060742407 0.24509803921568626 0.1687289088863892
