0 0.4848837209302326 0.2873483535528596 0.1744186046511628 0.10398613518197573
0 0.30290697674418604 0.11334488734835356 0.1744186046511628 0.10398613518197573
0 0.27848837209302324 0.4 0.1744186046511628 0.10398613518197573
0 0.32383720930232557 0.5282495667244368 0.1744186046511628 0.10398613518197573
0 0.7005813953488372 0.31542461005199307 0.1744186046511628 0.10398613518197573
0 0.24186046511627907 0.23778162911611786 0.1744186046511628 0.10398613518197573
0 0.7046511627906977 0.16915077989601388 0.1744186046511628 0.10398613518197573
0 0.45813953488372094 0.4048526863084922 0.1744186046511628 0.10398613518197573
0 0.4418604651162791 0.15285961871750434 0.1744186046511628 0.10398613518197573
0 0.5488372093023256 0.5694974003466204 0.1744186046511628 0.10398613518197573
