0 0.7570655441972339 0.623473181093999 0.1803968731208659 0.15932023366967604
0 0.8039687312086591 0.2623473181093999 0.1803968731208659 0.15932023366967604
0 0.3866506313890559 0.7689856611789697 0.1803968731208659 0.15932023366967604
0 0.5778713168971737 0.25385023898035053 0.1803968731208659 0.15932023366967604
0 0.19903788334335537 0.49389272437599574 0.1803968731208659 0.15932023366967604
0 0.5315694527961515 0.602761550716941 0.1803968731208659 0.15932023366967604
0 0.19122068550811785 0.32129580456718004 0.1803968731208659 0.15932023366967604
0 0.6855081178592904 0.43016463090812534 0.1803968731208659 0.15932023366967604
0 0.5478051713770294 0.920339883165162 0.1803968731208659 0.15932023366967604
0 0.4714371617558629 0.3754646840148699 0.1803968731208659 0.15932023366967604
