0 0.36421725239616615 0.659212445308702 0.23961661341853036 0.14584346135148274
0 0.19728434504792333 0.20952843947496355 0.23961661341853036 0.14584346135148274
0 0.8123003194888179 0.13757899854156538 0.23961661341853036 0.14584346135148274
0 0.3937699680511182 0.4822557122022363 0.23961661341853036 0.14584346135148274
0 0.2779552715654952 0.34321827904715607 0.23961661341853036 0.14584346135148274
0 0.5311501597444089 0.28439474963539135 0.23961661341853036 0.14584346135148274
0 0.713258785942492 0.4803111327175498 0.23961661341853036 0.14584346135148274
0 0.8170926517571885 0.29411764705882354 0.23961661341853036 0.14584346135148274
0 0.46565495207667734 0.16042780748663102 0.23961661341853036 0.14584346135148274
0 0.6861022364217252 0.6208070004861449 0.23961661341853036 0.14584346135148274
