0 0.7092768444119796 0.27689140504374676 0.2191380569758948 0.15440041173443128
0 0.5580715850986121 0.21049922799794132 0.2191380569758948 0.15440041173443128
0 0.38422205989773556 0.34894493051981473 0.2191380569758948 0.15440041173443128
0 0.42512783053323594 0.4554812146165723 0.2191380569758948 0.15440041173443128
0 0.6026296566837107 0.669583118888317 0.2191380569758948 0.15440041173443128
0 0.49233016800584367 0.7143592382913021 0.2191380569758948 0.15440041173443128
0 0.3316289262235208 0.4060730828615543 0.2191380569758948 0.15440041173443128
0 0.7085463842220598 0.1847658260422028 0.2191380569758948 0.15440041173443128
0 0.2783053323593864 0.21204323211528564 0.2191380569758948 0.15440041173443128
0 0.5785244704163623 0.5064333504889347 0.2191380569758948 0.15440041173443128
