0 0.22184006878761822 0.38143338143338146 0.2579535683576956 0.1443001443001443
0 0.3757523645743766 0.08128908128908129 0.2579535683576956 0.1443001443001443
0 0.5520206362854686 0.3718133718133718 0.2579535683576956 0.1443001443001443
0 0.8624247635425624 0.15151515151515152 0.2579535683576956 0.1443001443001443
0 0.5640584694754944 0.6604136604136605 0.2579535683576956 0.1443001443001443
0 0.39810834049871024 0.7008177008177008 0.2579535683576956 0.1443001443001443
0 0.5993121238177128 0.11303511303511303 0.2579535683576956 0.1443001443001443
0 0.586414445399828 0.3126503126503126 0.2579535683576956 0.1443001443001443
0 0.592433361994841 0.8263588263588264 0.2579535683576956 0.1443001443001443
0 0.42132416165090286 0.5873015873015873 0.2579535683576956 0.1443001443001443
