0 0.3070669168230144 0.49385245901639346 0.18761726078799248 0.12295081967213115
0 0.2601626016260163 0.30245901639344264 0.18761726078799248 0.12295081967213115
0 0.5747342088805504 0.7135245901639344 0.18761726078799248 0.12295081967213115
0 0.4715447154471545 0.509016393442623 0.18761726078799248 0.12295081967213115
0 0.4640400250156348 0.21844262295081968 0.18761726078799248 0.12295081967213115
0 0.40087554721701063 0.6901639344262295 0.18761726078799248 0.12295081967213115
0 0.66541588492808 0.45491803278688525 0.18761726078799248 0.12295081967213115
0 0.9061913696060038 0.325 0.18761726078799248 0.12295081967213115
0 0.6028767979987493 0.4098360655737705 0.18761726078799248 0.12295081967213115
0 0.6441525953721076 0.8475409836065574 0.18761726078799248 0.12295081967213115
