0 0.38177533385703066 0.4573643410852713 0.2356637863315004 0.13679890560875513
0 0.1178318931657502 0.43684450524395807 0.2356637863315004 0.13679890560875513
0 0.6794972505891594 0.16552667578659372 0.2356637863315004 0.13679890560875513
0 0.4257659073055774 0.602827177382581 0.2356637863315004 0.13679890560875513
0 0.6339355852317361 0.6944824441404469 0.2356637863315004 0.13679890560875513
0 0.39984289080911234 0.15868673050615595 0.2356637863315004 0.13679890560875513
0 0.5506677140612726 0.21431828545371637 0.2356637863315004 0.13679890560875513
0 0.48153967007069914 0.2758777929776562 0.2356637863315004 0.13679890560875513
0 0.5758051846032993 0.29457364341085274 0.2356637863315004 0.13679890560875513
0 0.6433621366849961 0.3588691290469676 0.2356637863315004 0.13679890560875513
