0 0.37746062992125984 0.2446927374301676 0.14763779527559054 0.16759776536312848
0 0.20127952755905512 0.19441340782122904 0.14763779527559054 0.16759776536312848
0 0.4050196850393701 0.43687150837988825 0.14763779527559054 0.16759776536312848
0 0.4822834645669291 0.7061452513966481 0.14763779527559054 0.16759776536312848
0 0.5433070866141733 0.37486033519553075 0.14763779527559054 0.16759776536312848
0 0.7618110236220472 0.45027932960893857 0.14763779527559054 0.16759776536312848
0 0.22736220472440946 0.4877094972067039 0.14763779527559054 0.16759776536312848
0 0.5108267716535433 0.47262569832402235 0.14763779527559054 0.16759776536312848
0 0.562007874015748 0.28268156424581004 0.14763779527559054 0.16759776536312848
0 0.7091535433070866 0.24804469273743016 0.14763779527559054 0.16759776536312848
