0 0.47705882352941176 0.16782140107775212 0.17647058823529413 0.11547344110854503
0 0.22764705882352942 0.2063125481139338 0.17647058823529413 0.11547344110854503
0 0.35352941176470587 0.6012317167051578 0.17647058823529413 0.11547344110854503
0 0.5411764705882353 0.24249422632794457 0.17647058823529413 0.11547344110854503
0 0.38058823529411767 0.42609699769053117 0.17647058823529413 0.11547344110854503
0 0.7558823529411764 0.34872979214780603 0.17647058823529413 0.11547344110854503
0 0.4152941176470588 0.18514241724403388 0.17647058823529413 0.11547344110854503
0 0.5729411764705883 0.5854503464203233 0.17647058823529413 0.11547344110854503
0 0.4788235294117647 0.3483448806774442 0.17647058823529413 0.11547344110854503
0 0.7205882352941176 0.7236335642802155 0.17647058823529413 0.11547344110854503
