0 0.45172910662824206 0.4115595416043846 0.21613832853025935 0.14947683109118087
0 0.1930835734870317 0.17787742899850523 0.21613832853025935 0.14947683109118087
0 0.329971181556196 0.11958146487294469 0.21613832853025935 0.14947683109118087
0 0.6051873198847262 0.28101644245142005 0.21613832853025935 0.14947683109118087
0 0.5943804034582133 0.351270553064275 0.21613832853025935 0.14947683109118087
0 0.45605187319884727 0.5759840558046836 0.21613832853025935 0.14947683109118087
0 0.3919308357348703 0.2645739910313901 0.21613832853025935 0.14947683109118087
0 0.4553314121037464 0.1111111111111111 0.21613832853025935 0.14947683109118087
0 0.531700288184438 0.6208271051320379 0.21613832853025935 0.14947683109118087
0 0.49855907780979825 0.20976581963129048 0.21613832853025935 0.14947683109118087
