0 0.26613704071499505 0.2638753651411879 0.29791459781529295 0.1460564751703992
0 0.4428997020854022 0.2302823758519961 0.29791459781529295 0.1460564751703992
0 0.41509433962264153 0.12901655306718599 0.29791459781529295 0.1460564751703992
0 0.14895729890764647 0.2882181110029211 0.29791459781529295 0.1460564751703992
0 0.14895729890764647 0.1543330087633885 0.29791459781529295 0.1460564751703992
0 0.17477656405163852 0.6557935735150925 0.29791459781529295 0.1460564751703992
0 0.14895729890764647 0.2166504381694255 0.29791459781529295 0.1460564751703992
0 0.4657398212512413 0.8378773125608568 0.29791459781529295 0.1460564751703992
0 0.5700099304865939 0.642161635832522 0.29791459781529295 0.1460564751703992
0 0.5600794438927508 0.27409931840311585 0.29791459781529295 0.1460564751703992
