0 0.3302325581395349 0.3 0.23255813953488372 0.13157894736842105
0 0.44728682170542633 0.4557017543859649 0.23255813953488372 0.13157894736842105
0 0.6449612403100775 0.27280701754385966 0.23255813953488372 0.13157894736842105
0 0.562015503875969 0.39517543859649124 0.23255813953488372 0.13157894736842105
0 0.5534883720930233 0.543859649122807 0.23255813953488372 0.13157894736842105
0 0.34806201550387594 0.6495614035087719 0.23255813953488372 0.13157894736842105
0 0.17054263565891473 0.1723684210526316 0.23255813953488372 0.13157894736842105
0 0.34728682170542635 0.5521929824561403 0.23255813953488372 0.13157894736842105
0 0.3984496124031008 0.7864035087719298 0.23255813953488372 0.13157894736842105
0 0.6976744186046512 0.13640350877192983 0.23255813953488372 0.13157894736842105
