0 0.7281783681214421 0.5376884422110553 0.14231499051233396 0.12562814070351758
0 0.3572106261859583 0.5276381909547738 0.14231499051233396 0.12562814070351758
0 0.3277988614800759 0.3785594639865997 0.14231499051233396 0.12562814070351758
0 0.24383301707779886 0.5129815745393634 0.14231499051233396 0.12562814070351758
0 0.5981973434535104 0.43090452261306533 0.14231499051233396 0.12562814070351758
0 0.5649905123339658 0.6595477386934674 0.14231499051233396 0.12562814070351758
0 0.38614800759013285 0.38190954773869346 0.14231499051233396 0.12562814070351758
0 0.4971537001897533 0.7709380234505863 0.14231499051233396 0.12562814070351758
0 0.5313092979127134 0.5745393634840871 0.14231499051233396 0.12562814070351758
0 0.7618595825426945 0.6545226130653267 0.14231499051233396 0.12562814070351758
