0 0.5490445859872611 0.6672384219554031 0.1910828025477707 0.12864493996569468
0 0.5955414012738853 0.06432246998284734 0.1910828025477707 0.12864493996569468
0 0.45605095541401275 0.43825042881646653 0.1910828025477707 0.12864493996569468
0 0.589171974522293 0.3014579759862779 0.1910828025477707 0.12864493996569468
0 0.8229299363057325 0.22941680960548885 0.1910828025477707 0.12864493996569468
0 0.3554140127388535 0.22727272727272727 0.1910828025477707 0.12864493996569468
0 0.7942675159235669 0.24099485420240138 0.1910828025477707 0.12864493996569468
0 0.5490445859872611 0.7675814751286449 0.1910828025477707 0.12864493996569468
0 0.7057324840764331 0.3602058319039451 0.1910828025477707 0.12864493996569468
0 0.2605095541401274 0.43782161234991424 0.1910828025477707 0.12864493996569468
