0 0.2529481132075472 0.2522361359570662 0.17688679245283018 0.13416815742397137
0 0.5294811320754716 0.24776386404293382 0.17688679245283018 0.13416815742397137
0 0.625 0.5259391771019678 0.17688679245283018 0.13416815742397137
0 0.6987028301886793 0.6292486583184258 0.17688679245283018 0.13416815742397137
0 0.24056603773584906 0.43112701252236135 0.17688679245283018 0.13416815742397137
0 0.41273584905660377 0.6909660107334525 0.17688679245283018 0.13416815742397137
0 0.683372641509434 0.22942754919499106 0.17688679245283018 0.13416815742397137
0 0.43160377358490565 0.3372093023255814 0.17688679245283018 0.13416815742397137
0 0.6715801886792453 0.39892665474060823 0.17688679245283018 0.13416815742397137
0 0.44398584905660377 0.5035778175313059 0.17688679245283018 0.13416815742397137
