0 0.5675146771037182 0.377665544332211 0.29354207436399216 0.16835016835016836
0 0.18493150684931506 0.367003367003367 0.29354207436399216 0.16835016835016836
0 0.41487279843444225 0.13187429854096522 0.29354207436399216 0.16835016835016836
0 0.7808219178082192 0.08417508417508418 0.29354207436399216 0.16835016835016836
0 0.6135029354207436 0.6947250280583613 0.29354207436399216 0.16835016835016836
0 0.3639921722113503 0.8035914702581369 0.29354207436399216 0.16835016835016836
0 0.6790606653620352 0.5314253647586981 0.29354207436399216 0.16835016835016836
0 0.324853228962818 0.5443322109988776 0.29354207436399216 0.16835016835016836
0 0.6320939334637965 0.25140291806958476 0.29354207436399216 0.16835016835016836
0 0.22407045009784735 0.6705948372615039 0.29354207436399216 0.16835016835016836
