0 0.23636363636363636 0.2386058981233244 0.18181818181818182 0.11489850631941785
0 0.5230303030303031 0.523171198774416 0.18181818181818182 0.11489850631941785
0 0.7684848484848484 0.3963998468019916 0.18181818181818182 0.11489850631941785
0 0.34 0.5315970892378399 0.18181818181818182 0.11489850631941785
0 0.6666666666666666 0.27460743010340866 0.18181818181818182 0.11489850631941785
0 0.5484848484848485 0.15051704327843737 0.18181818181818182 0.11489850631941785
0 0.5181818181818182 0.216775181922635 0.18181818181818182 0.11489850631941785
0 0.5612121212121212 0.3914209115281501 0.18181818181818182 0.11489850631941785
0 0.6915151515151515 0.5346610494063577 0.18181818181818182 0.11489850631941785
0 0.3618181818181818 0.38567598621217924 0.18181818181818182 0.11489850631941785
