0 0.2709205020920502 0.2972793629727936 0.3138075313807531 0.19907100199071
0 0.6621338912133892 0.099535500995355 0.3138075313807531 0.19907100199071
0 0.5878661087866108 0.2528201725282017 0.3138075313807531 0.19907100199071
0 0.5763598326359832 0.22826808228268083 0.3138075313807531 0.19907100199071
0 0.6485355648535565 0.517584605175846 0.3138075313807531 0.19907100199071
0 0.34414225941422594 0.5096217650962177 0.3138075313807531 0.19907100199071
0 0.8430962343096234 0.099535500995355 0.3138075313807531 0.19907100199071
0 0.8043933054393305 0.10351692103516921 0.3138075313807531 0.19907100199071
0 0.7154811715481172 0.35169210351692104 0.3138075313807531 0.19907100199071
0 0.645397489539749 0.7159920371599203 0.3138075313807531 0.19907100199071
