0 0.17908653846153846 0.1960500963391137 0.18028846153846154 0.14450867052023122
0 0.16286057692307693 0.07225433526011561 0.18028846153846154 0.14450867052023122
0 0.6592548076923077 0.4277456647398844 0.18028846153846154 0.14450867052023122
0 0.5727163461538461 0.31454720616570325 0.18028846153846154 0.14450867052023122
0 0.6015625 0.07225433526011561 0.18028846153846154 0.14450867052023122
0 0.6748798076923077 0.18786127167630057 0.18028846153846154 0.14450867052023122
0 0.3719951923076923 0.36368015414258187 0.18028846153846154 0.14450867052023122
0 0.5036057692307693 0.6893063583815029 0.18028846153846154 0.14450867052023122
0 0.20853365384615385 0.3559730250481696 0.18028846153846154 0.14450867052023122
0 0.40625 0.18978805394990367 0.18028846153846154 0.14450867052023122
