0 0.7119653492149431 0.4851109907958852 0.16242555495397942 0.16242555495397942
0 0.5473741201949107 0.871142393069843 0.16242555495397942 0.16242555495397942
0 0.5403356794802382 0.2593394694098538 0.16242555495397942 0.16242555495397942
0 0.5181375203031944 0.7038440714672441 0.16242555495397942 0.16242555495397942
0 0.5197617758527342 0.4629128316188414 0.16242555495397942 0.16242555495397942
0 0.6989713048186248 0.2046561992420141 0.16242555495397942 0.16242555495397942
0 0.2122360584731998 0.40768814293448835 0.16242555495397942 0.16242555495397942
0 0.5381700054141851 0.18083378451543042 0.16242555495397942 0.16242555495397942
0 0.6448294531672983 0.4851109907958852 0.16242555495397942 0.16242555495397942
0 0.33405522468868437 0.4623714131023281 0.16242555495397942 0.16242555495397942
