0 0.3686030428769018 0.2513345195729537 0.2074688796680498 0.13345195729537365
0 0.6687413554633471 0.39768683274021355 0.2074688796680498 0.13345195729537365
0 0.76417704011065 0.20951957295373666 0.2074688796680498 0.13345195729537365
0 0.5297372060857538 0.1601423487544484 0.2074688796680498 0.13345195729537365
0 0.2717842323651452 0.3220640569395018 0.2074688796680498 0.13345195729537365
0 0.24827109266943292 0.5124555160142349 0.2074688796680498 0.13345195729537365
0 0.6417704011065007 0.31983985765124556 0.2074688796680498 0.13345195729537365
0 0.33402489626556015 0.09697508896797152 0.2074688796680498 0.13345195729537365
0 0.47441217150760717 0.06672597864768683 0.2074688796680498 0.13345195729537365
0 0.5297372060857538 0.4991103202846975 0.2074688796680498 0.13345195729537365
