0 0.18518518518518517 0.5391812865497077 0.24691358024691357 0.17543859649122806
0 0.6790123456790124 0.36140350877192984 0.24691358024691357 0.17543859649122806
0 0.6814814814814815 0.5403508771929825 0.24691358024691357 0.17543859649122806
0 0.4510288065843621 0.8643274853801169 0.24691358024691357 0.17543859649122806
0 0.2748971193415638 0.8228070175438597 0.24691358024691357 0.17543859649122806
0 0.6641975308641975 0.12514619883040937 0.24691358024691357 0.17543859649122806
0 0.568724279835391 0.7116959064327485 0.24691358024691357 0.17543859649122806
0 0.1925925925925926 0.20701754385964913 0.24691358024691357 0.17543859649122806
0 0.43292181069958846 0.6251461988304093 0.24691358024691357 0.17543859649122806
0 0.3983539094650206 0.3304093567251462 0.24691358024691357 0.17543859649122806
