0 0.6254716981132076 0.1387080620931397 0.2830188679245283 0.15022533800701052
0 0.39339622641509436 0.20330495743615423 0.2830188679245283 0.15022533800701052
0 0.25660377358490566 0.3540310465698548 0.2830188679245283 0.15022533800701052
0 0.2943396226415094 0.5192789183775663 0.2830188679245283 0.15022533800701052
0 0.30377358490566037 0.6614922383575363 0.2830188679245283 0.15022533800701052
0 0.22924528301886793 0.15473209814722083 0.2830188679245283 0.15022533800701052
0 0.5320754716981132 0.42213319979969954 0.2830188679245283 0.15022533800701052
0 0.7235849056603774 0.2694041061592389 0.2830188679245283 0.15022533800701052
0 0.5207547169811321 0.8843264897346019 0.2830188679245283 0.15022533800701052
0 0.6150943396226415 0.5508262393590385 0.2830188679245283 0.15022533800701052
