0 0.4732739420935412 0.5143759873617694 0.16703786191536749 0.0947867298578199
0 0.7533407572383074 0.3706161137440758 0.16703786191536749 0.0947867298578199
0 0.7037861915367484 0.11437598736176935 0.16703786191536749 0.0947867298578199
0 0.6553452115812918 0.5276461295418642 0.16703786191536749 0.0947867298578199
0 0.3741648106904232 0.6075829383886255 0.16703786191536749 0.0947867298578199
0 0.38697104677060135 0.13175355450236967 0.16703786191536749 0.0947867298578199
0 0.48329621380846327 0.7402843601895734 0.16703786191536749 0.0947867298578199
0 0.5512249443207127 0.5671406003159558 0.16703786191536749 0.0947867298578199
0 0.3775055679287305 0.35260663507109 0.16703786191536749 0.0947867298578199
0 0.3034521158129176 0.190521327014218 0.16703786191536749 0.0947867298578199
