0 0.6635071090047393 0.49362119725220804 0.17772511848341233 0.09813542688910697
0 0.625 0.6032057572783774 0.17772511848341233 0.09813542688910697
0 0.4863744075829384 0.19103696434412823 0.17772511848341233 0.09813542688910697
0 0.3791469194312796 0.554138043833824 0.17772511848341233 0.09813542688910697
0 0.2334123222748815 0.3729146221786065 0.17772511848341233 0.09813542688910697
0 0.6007109004739336 0.2636571802420674 0.17772511848341233 0.09813542688910697
0 0.3524881516587678 0.43539417729800456 0.17772511848341233 0.09813542688910697
0 0.5408767772511849 0.501799149492967 0.17772511848341233 0.09813542688910697
0 0.6273696682464455 0.3653909061171083 0.17772511848341233 0.09813542688910697
0 0.3690758293838863 0.2904808635917566 0.17772511848341233 0.09813542688910697
