0 0.5543408360128618 0.28057889822595705 0.19292604501607716 0.1400560224089636
0 0.6565916398713826 0.534547152194211 0.19292604501607716 0.1400560224089636
0 0.6218649517684888 0.41363211951447243 0.19292604501607716 0.1400560224089636
0 0.12990353697749196 0.28478057889822594 0.19292604501607716 0.1400560224089636
0 0.4919614147909968 0.8613445378151261 0.19292604501607716 0.1400560224089636
0 0.31961414790996784 0.28057889822595705 0.19292604501607716 0.1400560224089636
0 0.41479099678456594 0.44351073762838467 0.19292604501607716 0.1400560224089636
0 0.4585209003215434 0.5938375350140056 0.19292604501607716 0.1400560224089636
0 0.8109324758842443 0.27497665732959853 0.19292604501607716 0.1400560224089636
0 0.47845659163987136 0.1619981325863679 0.19292604501607716 0.1400560224089636
