0 0.49670461354104256 0.15915697674418605 0.17974835230677053 0.10901162790697674
0 0.4242061114439784 0.47129360465116277 0.17974835230677053 0.10901162790697674
0 0.316956261234272 0.6246366279069767 0.17974835230677053 0.10901162790697674
0 0.5338526063511084 0.08139534883720931 0.17974835230677053 0.10901162790697674
0 0.5470341521869383 0.375 0.17974835230677053 0.10901162790697674
0 0.6141402037147993 0.6162790697674418 0.17974835230677053 0.10901162790697674
0 0.35410425404433793 0.23328488372093023 0.17974835230677053 0.10901162790697674
0 0.39844218094667466 0.08793604651162791 0.17974835230677053 0.10901162790697674
0 0.3750748951467945 0.40443313953488375 0.17974835230677053 0.10901162790697674
0 0.578789694427801 0.2449127906976744 0.17974835230677053 0.10901162790697674
