0 0.3760262725779967 0.1838905775075988 0.24630541871921183 0.1519756838905775
0 0.7068965517241379 0.1884498480243161 0.24630541871921183 0.1519756838905775
0 0.5944170771756979 0.44782168186423504 0.24630541871921183 0.1519756838905775
0 0.8415435139573071 0.414387031408308 0.24630541871921183 0.1519756838905775
0 0.1568144499178982 0.12411347517730496 0.24630541871921183 0.1519756838905775
0 0.26683087027914615 0.32877406281661603 0.24630541871921183 0.1519756838905775
0 0.6633825944170771 0.07598784194528875 0.24630541871921183 0.1519756838905775
0 0.24876847290640394 0.5081053698074974 0.24630541871921183 0.1519756838905775
0 0.7569786535303776 0.7983789260385005 0.24630541871921183 0.1519756838905775
0 0.4343185550082102 0.6073961499493414 0.24630541871921183 0.1519756838905775
