0 0.7650085763293311 0.36186540731995276 0.25728987993138935 0.1770956316410862
0 0.41337907375643224 0.0885478158205431 0.25728987993138935 0.1770956316410862
0 0.47427101200686106 0.6889020070838253 0.25728987993138935 0.1770956316410862
0 0.6355060034305318 0.5053128689492326 0.25728987993138935 0.1770956316410862
0 0.12864493996569468 0.5106257378984652 0.25728987993138935 0.1770956316410862
0 0.5926243567753001 0.19539551357733176 0.25728987993138935 0.1770956316410862
0 0.395368782161235 0.33234946871310506 0.25728987993138935 0.1770956316410862
0 0.20840480274442538 0.2756788665879575 0.25728987993138935 0.1770956316410862
0 0.241852487135506 0.717827626918536 0.25728987993138935 0.1770956316410862
0 0.42538593481989706 0.24203069657615112 0.25728987993138935 0.1770956316410862
