0 0.6310408921933085 0.7201808931599774 0.2788104089219331 0.1695873374788016
0 0.24907063197026022 0.4177501413227812 0.2788104089219331 0.1695873374788016
0 0.7592936802973977 0.11362351611079706 0.2788104089219331 0.1695873374788016
0 0.516728624535316 0.5590729225551159 0.2788104089219331 0.1695873374788016
0 0.41728624535315983 0.4482758620689655 0.2788104089219331 0.1695873374788016
0 0.7137546468401487 0.16280384397964953 0.2788104089219331 0.1695873374788016
0 0.28810408921933084 0.6964386659129451 0.2788104089219331 0.1695873374788016
0 0.13940520446096655 0.2605992085924251 0.2788104089219331 0.1695873374788016
0 0.8420074349442379 0.6037309214245337 0.2788104089219331 0.1695873374788016
0 0.7639405204460966 0.18654607122668174 0.2788104089219331 0.1695873374788016
