0 0.7351097178683386 0.14296875 0.23510971786833856 0.1171875
0 0.646551724137931 0.386328125 0.23510971786833856 0.1171875
0 0.3503134796238245 0.2609375 0.23510971786833856 0.1171875
0 0.4286833855799373 0.437109375 0.23510971786833856 0.1171875
0 0.6394984326018809 0.05859375 0.23510971786833856 0.1171875
0 0.6677115987460815 0.6328125 0.23510971786833856 0.1171875
0 0.3409090909090909 0.43125 0.23510971786833856 0.1171875
0 0.445141065830721 0.168359375 0.23510971786833856 0.1171875
0 0.42398119122257055 0.665234375 0.23510971786833856 0.1171875
0 0.45846394984326017 0.637109375 0.23510971786833856 0.1171875
