0 0.52 0.35581583198707595 0.17647058823529413 0.12116316639741519
0 0.29705882352941176 0.7063812600969306 0.17647058823529413 0.12116316639741519
0 0.3417647058823529 0.35137318255250405 0.17647058823529413 0.12116316639741519
0 0.6688235294117647 0.23021001615508885 0.17647058823529413 0.12116316639741519
0 0.45529411764705885 0.5383683360258481 0.17647058823529413 0.12116316639741519
0 0.6258823529411764 0.14176090468497576 0.17647058823529413 0.12116316639741519
0 0.2541176470588235 0.194264943457189 0.17647058823529413 0.12116316639741519
0 0.47 0.07996768982229402 0.17647058823529413 0.12116316639741519
0 0.44529411764705884 0.21365105008077545 0.17647058823529413 0.12116316639741519
0 0.4511764705882353 0.6591276252019386 0.17647058823529413 0.12116316639741519
