0 0.7315898141775636 0.4445137157107232 0.20646937370956642 0.18703241895261846
0 0.14796971782518925 0.3721945137157107 0.20646937370956642 0.18703241895261846
0 0.3097040605643496 0.7768079800498753 0.20646937370956642 0.18703241895261846
0 0.5271851342050929 0.7780548628428927 0.20646937370956642 0.18703241895261846
0 0.4796971782518926 0.5723192019950125 0.20646937370956642 0.18703241895261846
0 0.34480385409497594 0.18266832917705736 0.20646937370956642 0.18703241895261846
0 0.2697866483138334 0.5268079800498753 0.20646937370956642 0.18703241895261846
0 0.6469373709566414 0.09725685785536159 0.20646937370956642 0.18703241895261846
0 0.42463867859600823 0.4139650872817955 0.20646937370956642 0.18703241895261846
0 0.47212663454920856 0.286783042394015 0.20646937370956642 0.18703241895261846
