0 0.6722074468085106 0.15478260869565216 0.19946808510638298 0.13043478260869565
0 0.32978723404255317 0.17739130434782607 0.19946808510638298 0.13043478260869565
0 0.3836436170212766 0.37956521739130433 0.19946808510638298 0.13043478260869565
0 0.4428191489361702 0.7673913043478261 0.19946808510638298 0.13043478260869565
0 0.7878989361702128 0.3717391304347826 0.19946808510638298 0.13043478260869565
0 0.5917553191489362 0.23130434782608697 0.19946808510638298 0.13043478260869565
0 0.5 0.44956521739130434 0.19946808510638298 0.13043478260869565
0 0.5644946808510638 0.06521739130434782 0.19946808510638298 0.13043478260869565
0 0.5139627659574468 0.5960869565217392 0.19946808510638298 0.13043478260869565
0 0.6003989361702128 0.7747826086956522 0.19946808510638298 0.13043478260869565
