0 0.589098532494759 0.7069868995633187 0.20964360587002095 0.13100436681222707
0 0.2564640111809923 0.5637554585152839 0.20964360587002095 0.13100436681222707
0 0.7624039133473096 0.09868995633187773 0.20964360587002095 0.13100436681222707
0 0.49406009783368277 0.24366812227074236 0.20964360587002095 0.13100436681222707
0 0.573025856044724 0.4633187772925764 0.20964360587002095 0.13100436681222707
0 0.38784067085953877 0.6611353711790393 0.20964360587002095 0.13100436681222707
0 0.35709294199860236 0.2986899563318777 0.20964360587002095 0.13100436681222707
0 0.6701607267645003 0.8213973799126637 0.20964360587002095 0.13100436681222707
0 0.4143955276030748 0.52882096069869 0.20964360587002095 0.13100436681222707
0 0.4856743535988819 0.08951965065502183 0.20964360587002095 0.13100436681222707
