0 0.7055937193326791 0.5553366174055829 0.14720314033366044 0.09852216748768473
0 0.07360157016683022 0.14811165845648605 0.14720314033366044 0.09852216748768473
0 0.2644749754661433 0.4949096880131363 0.14720314033366044 0.09852216748768473
0 0.5314033366045142 0.451888341543514 0.14720314033366044 0.09852216748768473
0 0.6059862610402356 0.10837438423645321 0.14720314033366044 0.09852216748768473
0 0.37389597644749756 0.060426929392446635 0.14720314033366044 0.09852216748768473
0 0.471540726202159 0.30344827586206896 0.14720314033366044 0.09852216748768473
0 0.528459273797841 0.15139573070607554 0.14720314033366044 0.09852216748768473
0 0.6261040235525025 0.6032840722495895 0.14720314033366044 0.09852216748768473
0 0.7576054955839058 0.5110016420361247 0.14720314033366044 0.09852216748768473
