0 0.14751286449399656 0.13630573248407643 0.25728987993138935 0.1910828025477707
0 0.855917667238422 0.12229299363057325 0.25728987993138935 0.1910828025477707
0 0.3730703259005146 0.29936305732484075 0.25728987993138935 0.1910828025477707
0 0.3936535162950257 0.12484076433121019 0.25728987993138935 0.1910828025477707
0 0.39708404802744424 0.5140127388535032 0.25728987993138935 0.1910828025477707
0 0.4939965694682676 0.8006369426751593 0.25728987993138935 0.1910828025477707
0 0.6818181818181818 0.24012738853503185 0.25728987993138935 0.1910828025477707
0 0.5128644939965694 0.467515923566879 0.25728987993138935 0.1910828025477707
0 0.5360205831903945 0.6414012738853503 0.25728987993138935 0.1910828025477707
0 0.7298456260720412 0.5878980891719745 0.25728987993138935 0.1910828025477707
