0 0.4141769185705917 0.15628415300546447 0.1757469244288225 0.1092896174863388
0 0.6379613356766256 0.1540983606557377 0.1757469244288225 0.1092896174863388
0 0.7322788517867604 0.0907103825136612 0.1757469244288225 0.1092896174863388
0 0.49502050380785 0.6309653916211293 0.1757469244288225 0.1092896174863388
0 0.4874048037492677 0.4021857923497268 0.1757469244288225 0.1092896174863388
0 0.5536028119507909 0.07213114754098361 0.1757469244288225 0.1092896174863388
0 0.3169302870533099 0.2958105646630237 0.1757469244288225 0.1092896174863388
0 0.6115992970123023 0.3143897996357013 0.1757469244288225 0.1092896174863388
0 0.31165787932044525 0.3817850637522769 0.1757469244288225 0.1092896174863388
0 0.2542472173403632 0.17231329690346084 0.1757469244288225 0.1092896174863388
