0 0.1859504132231405 0.2105481727574751 0.1770956316410862 0.12458471760797342
0 0.41263282172373084 0.757890365448505 0.1770956316410862 0.12458471760797342
0 0.35064935064935066 0.3388704318936877 0.1770956316410862 0.12458471760797342
0 0.6765053128689492 0.4414451827242525 0.1770956316410862 0.12458471760797342
0 0.6570247933884298 0.6088039867109635 0.1770956316410862 0.12458471760797342
0 0.2243211334120425 0.4223421926910299 0.1770956316410862 0.12458471760797342
0 0.5401416765053129 0.6810631229235881 0.1770956316410862 0.12458471760797342
0 0.6227863046044865 0.5062292358803987 0.1770956316410862 0.12458471760797342
0 0.23730814639905548 0.5290697674418605 0.1770956316410862 0.12458471760797342
0 0.2066115702479339 0.30481727574750833 0.1770956316410862 0.12458471760797342
