0 0.6163793103448276 0.26286919831223626 0.25862068965517243 0.12658227848101267
0 0.22586206896551725 0.23670886075949368 0.25862068965517243 0.12658227848101267
0 0.3853448275862069 0.5594936708860759 0.25862068965517243 0.12658227848101267
0 0.6913793103448276 0.4012658227848101 0.25862068965517243 0.12658227848101267
0 0.531896551724138 0.6206751054852321 0.25862068965517243 0.12658227848101267
0 0.5887931034482758 0.1291139240506329 0.25862068965517243 0.12658227848101267
0 0.31810344827586207 0.2881856540084388 0.25862068965517243 0.12658227848101267
0 0.25948275862068965 0.6350210970464135 0.25862068965517243 0.12658227848101267
0 0.44482758620689655 0.21350210970464134 0.25862068965517243 0.12658227848101267
0 0.29310344827586204 0.4607594936708861 0.25862068965517243 0.12658227848101267
