0 0.3416666666666667 0.14695550351288056 0.25 0.1756440281030445
0 0.5825 0.4783372365339578 0.25 0.1756440281030445
0 0.635 0.8875878220140515 0.25 0.1756440281030445
0 0.49833333333333335 0.14578454332552693 0.25 0.1756440281030445
0 0.5933333333333334 0.655152224824356 0.25 0.1756440281030445
0 0.24333333333333335 0.2535128805620609 0.25 0.1756440281030445
0 0.405 0.7704918032786885 0.25 0.1756440281030445
0 0.2916666666666667 0.468384074941452 0.25 0.1756440281030445
0 0.7183333333333334 0.29156908665105385 0.25 0.1756440281030445
0 0.5775 0.08782201405152225 0.25 0.1756440281030445
