0 0.3228668941979522 0.08620689655172414 0.20477815699658702 0.1724137931034483
0 0.736518771331058 0.6425287356321839 0.20477815699658702 0.1724137931034483
0 0.5085324232081911 0.267816091954023 0.20477815699658702 0.1724137931034483
0 0.7754266211604095 0.4591954022988506 0.20477815699658702 0.1724137931034483
0 0.463481228668942 0.5333333333333333 0.20477815699658702 0.1724137931034483
0 0.3167235494880546 0.3431034482758621 0.20477815699658702 0.1724137931034483
0 0.3242320819112628 0.08620689655172414 0.20477815699658702 0.1724137931034483
0 0.5337883959044368 0.803448275862069 0.20477815699658702 0.1724137931034483
0 0.3167235494880546 0.19540229885057472 0.20477815699658702 0.1724137931034483
0 0.30648464163822525 0.5494252873563218 0.20477815699658702 0.1724137931034483
