0 0.29668552950687144 0.5475319926873857 0.2425222312045271 0.2742230347349177
0 0.1471301535974131 0.21755027422303475 0.2425222312045271 0.2742230347349177
0 0.7687954729183508 0.39579524680073125 0.2425222312045271 0.2742230347349177
0 0.12126111560226355 0.6270566727605119 0.2425222312045271 0.2742230347349177
0 0.5618431689571544 0.4670932358318099 0.2425222312045271 0.2742230347349177
0 0.33468067906224735 0.18555758683729434 0.2425222312045271 0.2742230347349177
0 0.5181891673403395 0.21663619744058502 0.2425222312045271 0.2742230347349177
0 0.7283751010509296 0.13711151736745886 0.2425222312045271 0.2742230347349177
0 0.5521422797089733 0.7861060329067642 0.2425222312045271 0.2742230347349177
0 0.36216653193209375 0.3857404021937843 0.2425222312045271 0.2742230347349177
