0 0.4877488514548239 0.5637467476149176 0.22970903522205208 0.13009540329575023
0 0.5 0.7918473547267997 0.22970903522205208 0.13009540329575023
0 0.3981623277182236 0.3339115351257589 0.22970903522205208 0.13009540329575023
0 0.5183767228177641 0.7038161318300087 0.22970903522205208 0.13009540329575023
0 0.5191424196018377 0.46313963573287076 0.22970903522205208 0.13009540329575023
0 0.610260336906585 0.30659150043365135 0.22970903522205208 0.13009540329575023
0 0.2304747320061256 0.5411968777103209 0.22970903522205208 0.13009540329575023
0 0.3774885145482389 0.29228100607111884 0.22970903522205208 0.13009540329575023
0 0.6447166921898928 0.48482220294882916 0.22970903522205208 0.13009540329575023
0 0.333843797856049 0.4627059843885516 0.22970903522205208 0.13009540329575023
