0 0.3828502415458937 0.08336227856894755 0.18115942028985507 0.10420284821118445
0 0.37620772946859904 0.6703716568252865 0.18115942028985507 0.10420284821118445
0 0.40398550724637683 0.9183744355679055 0.18115942028985507 0.10420284821118445
0 0.8333333333333334 0.1458839874956582 0.18115942028985507 0.10420284821118445
0 0.3605072463768116 0.3938867662382772 0.18115942028985507 0.10420284821118445
0 0.3031400966183575 0.9267106634248002 0.18115942028985507 0.10420284821118445
0 0.33454106280193235 0.5032997568600208 0.18115942028985507 0.10420284821118445
0 0.7427536231884058 0.3060090309135116 0.18115942028985507 0.10420284821118445
0 0.33393719806763283 0.2650225772837791 0.18115942028985507 0.10420284821118445
0 0.5597826086956522 0.5519277526919069 0.18115942028985507 0.10420284821118445
