0 0.5609114811568799 0.23514851485148514 0.26292725679228746 0.18564356435643564
0 0.4084136722173532 0.8972772277227723 0.26292725679228746 0.18564356435643564
0 0.7957931638913234 0.5284653465346535 0.26292725679228746 0.18564356435643564
0 0.6739702015775635 0.8378712871287128 0.26292725679228746 0.18564356435643564
0 0.15249780893952672 0.6181930693069307 0.26292725679228746 0.18564356435643564
0 0.3137598597721297 0.32054455445544555 0.26292725679228746 0.18564356435643564
0 0.22173531989482909 0.18502475247524752 0.26292725679228746 0.18564356435643564
0 0.13847502191060473 0.8050742574257426 0.26292725679228746 0.18564356435643564
0 0.13146362839614373 0.4282178217821782 0.26292725679228746 0.18564356435643564
0 0.4171779141104294 0.5891089108910891 0.26292725679228746 0.18564356435643564
