0 0.7084701247537755 0.2821387940841866 0.1969796454366382 0.11376564277588168
0 0.4714379514116875 0.21008722032612817 0.1969796454366382 0.11376564277588168
0 0.7820091923834537 0.229806598407281 0.1969796454366382 0.11376564277588168
0 0.34143138542350626 0.22146378460371635 0.1969796454366382 0.11376564277588168
0 0.3230466185160867 0.3845278725824801 0.1969796454366382 0.11376564277588168
0 0.5088640840446487 0.5422828972317026 0.1969796454366382 0.11376564277588168
0 0.6769533814839134 0.23018581721653394 0.1969796454366382 0.11376564277588168
0 0.5771503611293499 0.12097080015168753 0.1969796454366382 0.11376564277588168
0 0.8923177938279712 0.47971179370496775 0.1969796454366382 0.11376564277588168
0 0.7307944845699278 0.3962836556693212 0.1969796454366382 0.11376564277588168
