0 0.7550734779566131 0.5597014925373134 0.2099370188943317 0.13992537313432835
0 0.47865640307907625 0.5489738805970149 0.2099370188943317 0.13992537313432835
0 0.44856543037088875 0.31763059701492535 0.2099370188943317 0.13992537313432835
0 0.20433869839048285 0.35867537313432835 0.2099370188943317 0.13992537313432835
0 0.5983205038488454 0.43097014925373134 0.2099370188943317 0.13992537313432835
0 0.2617214835549335 0.5135261194029851 0.2099370188943317 0.13992537313432835
0 0.20503848845346395 0.2103544776119403 0.2099370188943317 0.13992537313432835
0 0.629111266620014 0.7723880597014925 0.2099370188943317 0.13992537313432835
0 0.8250524842547236 0.3558768656716418 0.2099370188943317 0.13992537313432835
0 0.5080475857242828 0.18936567164179105 0.2099370188943317 0.13992537313432835
