0 0.5964214711729622 0.07781282860147214 0.1988071570576541 0.10515247108307045
0 0.4691848906560636 0.16894497020679985 0.1988071570576541 0.10515247108307045
0 0.5692511597084162 0.4717840869260428 0.1988071570576541 0.10515247108307045
0 0.6235917826375083 0.30984928145811425 0.1988071570576541 0.10515247108307045
0 0.34393638170974156 0.2551699964949176 0.1988071570576541 0.10515247108307045
0 0.6746189529489728 0.1927795303189625 0.1988071570576541 0.10515247108307045
0 0.8449304174950298 0.2400981423063442 0.1988071570576541 0.10515247108307045
0 0.340622929092114 0.6600070101647388 0.1988071570576541 0.10515247108307045
0 0.34592445328031807 0.5110410094637224 0.1988071570576541 0.10515247108307045
0 0.1908548707753479 0.3105502979320014 0.1988071570576541 0.10515247108307045
