0 0.8295142071494043 0.4728682170542636 0.27497708524289644 0.25839793281653745
0 0.3125572868927589 0.2540913006029285 0.27497708524289644 0.25839793281653745
0 0.8010999083409716 0.14900947459086994 0.27497708524289644 0.25839793281653745
0 0.3950504124656279 0.5185185185185185 0.27497708524289644 0.25839793281653745
0 0.5747021081576535 0.429801894918174 0.27497708524289644 0.25839793281653745
0 0.3748854262144821 0.38242894056847543 0.27497708524289644 0.25839793281653745
0 0.6058661778185152 0.7088716623600344 0.27497708524289644 0.25839793281653745
0 0.5545371219065078 0.12919896640826872 0.27497708524289644 0.25839793281653745
0 0.5041246562786434 0.17743324720068906 0.27497708524289644 0.25839793281653745
0 0.7195233730522457 0.12919896640826872 0.27497708524289644 0.25839793281653745
