0 0.19296187683284458 0.5536796536796537 0.17595307917888564 0.12987012987012986
0 0.25747800586510267 0.2515151515151515 0.17595307917888564 0.12987012987012986
0 0.13900293255131965 0.3722943722943723 0.17595307917888564 0.12987012987012986
0 0.5413489736070382 0.24242424242424243 0.17595307917888564 0.12987012987012986
0 0.38064516129032255 0.42597402597402595 0.17595307917888564 0.12987012987012986
0 0.7859237536656891 0.34285714285714286 0.17595307917888564 0.12987012987012986
0 0.37008797653958947 0.6173160173160173 0.17595307917888564 0.12987012987012986
0 0.5266862170087977 0.08181818181818182 0.17595307917888564 0.12987012987012986
0 0.4785923753665689 0.3484848484848485 0.17595307917888564 0.12987012987012986
0 0.8070381231671554 0.5688311688311688 0.17595307917888564 0.12987012987012986
