0 0.8313908313908314 0.15274345032130499 0.2331002331002331 0.14829461196243204
0 0.5291375291375291 0.36875926841324763 0.2331002331002331 0.14829461196243204
0 0.4048174048174048 0.6811665842807711 0.2331002331002331 0.14829461196243204
0 0.6612276612276612 0.2679189322787939 0.2331002331002331 0.14829461196243204
0 0.48484848484848486 0.23628274839347504 0.2331002331002331 0.14829461196243204
0 0.17249417249417248 0.1967375185368265 0.2331002331002331 0.14829461196243204
0 0.6472416472416472 0.5353435491843797 0.2331002331002331 0.14829461196243204
0 0.37606837606837606 0.5096391497775581 0.2331002331002331 0.14829461196243204
0 0.5073815073815073 0.7829955511616411 0.2331002331002331 0.14829461196243204
0 0.2905982905982906 0.33217993079584773 0.2331002331002331 0.14829461196243204
