0 0.6203246294989414 0.4291433146517214 0.2117148906139732 0.1200960768614892
0 0.4798870853916726 0.5504403522818254 0.2117148906139732 0.1200960768614892
0 0.4114326040931546 0.2990392313851081 0.2117148906139732 0.1200960768614892
0 0.5299929428369795 0.7153722978382706 0.2117148906139732 0.1200960768614892
0 0.48341566690190546 0.24539631705364293 0.2117148906139732 0.1200960768614892
0 0.32533521524347214 0.5048038430744596 0.2117148906139732 0.1200960768614892
0 0.4015525758645025 0.4191353082465973 0.2117148906139732 0.1200960768614892
0 0.18278052223006352 0.5940752602081665 0.2117148906139732 0.1200960768614892
0 0.2773465067043049 0.1389111289031225 0.2117148906139732 0.1200960768614892
0 0.6760762173606211 0.0600480384307446 0.2117148906139732 0.1200960768614892
