0 0.5922444183313749 0.10190217391304347 0.3525264394829612 0.20380434782608695
0 0.2702702702702703 0.32404891304347827 0.3525264394829612 0.20380434782608695
0 0.25616921269095183 0.5957880434782609 0.3525264394829612 0.20380434782608695
0 0.30317273795534666 0.15081521739130435 0.3525264394829612 0.20380434782608695
0 0.491186839012926 0.515625 0.3525264394829612 0.20380434782608695
0 0.5088131609870741 0.10190217391304347 0.3525264394829612 0.20380434782608695
0 0.4136310223266745 0.7126358695652174 0.3525264394829612 0.20380434782608695
0 0.7414806110458284 0.359375 0.3525264394829612 0.20380434782608695
0 0.4782608695652174 0.24932065217391305 0.3525264394829612 0.20380434782608695
0 0.6039952996474736 0.47758152173913043 0.3525264394829612 0.20380434782608695
