0 0.5757347400150716 0.7307885484681065 0.22607385079125847 0.15067805123053743
0 0.8033157498116051 0.2737317930688096 0.22607385079125847 0.15067805123053743
0 0.624717407686511 0.5831240582621798 0.22607385079125847 0.15067805123053743
0 0.5727204220045214 0.16926167754897037 0.22607385079125847 0.15067805123053743
0 0.7709118311981914 0.43797086891009546 0.22607385079125847 0.15067805123053743
0 0.28711379050489827 0.4595680562531391 0.22607385079125847 0.15067805123053743
0 0.5908063300678221 0.2536413862380713 0.22607385079125847 0.15067805123053743
0 0.20497362471740768 0.20894023103967854 0.22607385079125847 0.15067805123053743
0 0.426525998492841 0.33852335509794074 0.22607385079125847 0.15067805123053743
0 0.4129615674453655 0.5168257157207433 0.22607385079125847 0.15067805123053743
