0 0.29959183673469386 0.35969868173258 0.24489795918367346 0.14124293785310735
0 0.6359183673469387 0.5235404896421846 0.24489795918367346 0.14124293785310735
0 0.22938775510204082 0.11770244821092278 0.24489795918367346 0.14124293785310735
0 0.15836734693877552 0.096045197740113 0.24489795918367346 0.14124293785310735
0 0.529795918367347 0.7222222222222222 0.24489795918367346 0.14124293785310735
0 0.7395918367346939 0.2523540489642185 0.24489795918367346 0.14124293785310735
0 0.17714285714285713 0.17231638418079095 0.24489795918367346 0.14124293785310735
0 0.6669387755102041 0.0955743879472693 0.24489795918367346 0.14124293785310735
0 0.2938775510204082 0.07062146892655367 0.24489795918367346 0.14124293785310735
0 0.24979591836734694 0.5795668549905838 0.24489795918367346 0.14124293785310735
