0 0.4591564335290977 0.4450659208949261 0.1601708489054992 0.11985617259288853
0 0.2792311799252536 0.525769077107471 0.1601708489054992 0.11985617259288853
0 0.4874532835024026 0.2417099480623252 0.1601708489054992 0.11985617259288853
0 0.3465029364655633 0.4434678385936876 0.1601708489054992 0.11985617259288853
0 0.5584623598505072 0.5609268877347183 0.1601708489054992 0.11985617259288853
0 0.6374799786438868 0.3403915301638034 0.1601708489054992 0.11985617259288853
0 0.5109450080085425 0.31402317219336795 0.1601708489054992 0.11985617259288853
0 0.7058195408435665 0.65601278465841 0.1601708489054992 0.11985617259288853
0 0.40950347036839296 0.5876947662804635 0.1601708489054992 0.11985617259288853
0 0.198077949813134 0.36036755892928485 0.1601708489054992 0.11985617259288853
