0 0.6666666666666666 0.8205849268841395 0.34965034965034963 0.1687289088863892
0 0.6958041958041958 0.1704161979752531 0.34965034965034963 0.1687289088863892
0 0.627039627039627 0.65748031496063 0.34965034965034963 0.1687289088863892
0 0.3344988344988345 0.6642294713160855 0.34965034965034963 0.1687289088863892
0 0.548951048951049 0.3464566929133858 0.34965034965034963 0.1687289088863892
0 0.4184149184149184 0.11192350956130484 0.34965034965034963 0.1687289088863892
0 0.7167832167832168 0.5112485939257593 0.34965034965034963 0.1687289088863892
0 0.2937062937062937 0.5118110236220472 0.34965034965034963 0.1687289088863892
0 0.26573426573426573 0.3374578177727784 0.34965034965034963 0.1687289088863892
0 0.3962703962703963 0.9156355455568054 0.34965034965034963 0.1687289088863892
