0 0.6583601286173634 0.7741573033707865 0.24115755627009647 0.16853932584269662
0 0.19292604501607716 0.23370786516853934 0.24115755627009647 0.16853932584269662
0 0.4662379421221865 0.5039325842696629 0.24115755627009647 0.16853932584269662
0 0.572347266881029 0.36179775280898874 0.24115755627009647 0.16853932584269662
0 0.21221864951768488 0.40224719101123596 0.24115755627009647 0.16853932584269662
0 0.7532154340836013 0.32752808988764043 0.24115755627009647 0.16853932584269662
0 0.45739549839228294 0.23202247191011235 0.24115755627009647 0.16853932584269662
0 0.42604501607717044 0.7157303370786516 0.24115755627009647 0.16853932584269662
0 0.6503215434083601 0.5623595505617978 0.24115755627009647 0.16853932584269662
0 0.7572347266881029 0.5106741573033707 0.24115755627009647 0.16853932584269662
