0 0.6166666666666667 0.481181707810603 0.19230769230769232 0.12140833670578713
0 0.308974358974359 0.5256980979360583 0.19230769230769232 0.12140833670578713
0 0.48333333333333334 0.8312424119789559 0.19230769230769232 0.12140833670578713
0 0.257051282051282 0.3415621205989478 0.19230769230769232 0.12140833670578713
0 0.4897435897435897 0.5070821529745042 0.19230769230769232 0.12140833670578713
0 0.6128205128205129 0.21934439498178876 0.19230769230769232 0.12140833670578713
0 0.37243589743589745 0.36382031566167544 0.19230769230769232 0.12140833670578713
0 0.5038461538461538 0.6891946580331849 0.19230769230769232 0.12140833670578713
0 0.6647435897435897 0.32254148118170783 0.19230769230769232 0.12140833670578713
0 0.4064102564102564 0.18980169971671387 0.19230769230769232 0.12140833670578713
