0 0.520605112154408 0.6389290882778582 0.1564945226917058 0.1085383502170767
0 0.29890453834115804 0.24819102749638206 0.1564945226917058 0.1085383502170767
0 0.4757433489827856 0.28798842257597684 0.1564945226917058 0.1085383502170767
0 0.6572769953051644 0.6020260492040521 0.1564945226917058 0.1085383502170767
0 0.48826291079812206 0.48986975397973953 0.1564945226917058 0.1085383502170767
0 0.38914971309337504 0.21888567293777134 0.1564945226917058 0.1085383502170767
0 0.48982785602503914 0.35636758321273515 0.1564945226917058 0.1085383502170767
0 0.6557120500782473 0.6957308248914617 0.1564945226917058 0.1085383502170767
0 0.4251434533124674 0.41389290882778584 0.1564945226917058 0.1085383502170767
0 0.47209181011997914 0.2869030390738061 0.1564945226917058 0.1085383502170767
