0 0.6128640776699029 0.29671407552721923 0.3640776699029126 0.14713094654242276
0 0.4174757281553398 0.6910250122609122 0.3640776699029126 0.14713094654242276
0 0.32524271844660196 0.37076998528690536 0.3640776699029126 0.14713094654242276
0 0.7936893203883495 0.1407552721922511 0.3640776699029126 0.14713094654242276
0 0.7888349514563107 0.41441883276115743 0.3640776699029126 0.14713094654242276
0 0.5230582524271845 0.834232466895537 0.3640776699029126 0.14713094654242276
0 0.45995145631067963 0.07356547327121138 0.3640776699029126 0.14713094654242276
0 0.3871359223300971 0.521824423737126 0.3640776699029126 0.14713094654242276
0 0.7487864077669902 0.5507601765571358 0.3640776699029126 0.14713094654242276
0 0.4381067961165049 0.3011280039234919 0.3640776699029126 0.14713094654242276
