0 0.39415584415584415 0.5093320235756386 0.19480519480519481 0.14734774066797643
0 0.17337662337662338 0.10805500982318271 0.19480519480519481 0.14734774066797643
0 0.6577922077922078 0.6959724950884086 0.19480519480519481 0.14734774066797643
0 0.6610389610389611 0.3325147347740668 0.19480519480519481 0.14734774066797643
0 0.34415584415584416 0.2554027504911591 0.19480519480519481 0.14734774066797643
0 0.5980519480519481 0.18664047151277013 0.19480519480519481 0.14734774066797643
0 0.6649350649350649 0.5093320235756386 0.19480519480519481 0.14734774066797643
0 0.4512987012987013 0.768664047151277 0.19480519480519481 0.14734774066797643
0 0.16493506493506493 0.6301571709233792 0.19480519480519481 0.14734774066797643
0 0.19090909090909092 0.3104125736738703 0.19480519480519481 0.14734774066797643
