0 0.6719056974459725 0.15496619864794592 0.19646365422396855 0.15600624024961
0 0.28487229862475444 0.2579303172126885 0.19646365422396855 0.15600624024961
0 0.6784544859201048 0.42277691107644305 0.19646365422396855 0.15600624024961
0 0.3719711853307138 0.8330733229329174 0.19646365422396855 0.15600624024961
0 0.5939751146037983 0.078003120124805 0.19646365422396855 0.15600624024961
0 0.7111984282907662 0.3031721268850754 0.19646365422396855 0.15600624024961
0 0.4996725605762934 0.44929797191887677 0.19646365422396855 0.15600624024961
0 0.862475442043222 0.17004680187207488 0.19646365422396855 0.15600624024961
0 0.30648330058939094 0.5262610504420177 0.19646365422396855 0.15600624024961
0 0.5802226588081205 0.7228289131565263 0.19646365422396855 0.15600624024961
