0 0.3832301631963984 0.5014114326040932 0.16882386043894204 0.1058574453069866
0 0.614518851997749 0.5751587861679605 0.16882386043894204 0.1058574453069866
0 0.32189082723691614 0.30698659139026113 0.16882386043894204 0.1058574453069866
0 0.554305008441193 0.3076923076923077 0.16882386043894204 0.1058574453069866
0 0.3984243106359032 0.16725476358503882 0.16882386043894204 0.1058574453069866
0 0.5323579065841305 0.44318983768525055 0.16882386043894204 0.1058574453069866
0 0.7045582442318514 0.7131263232180663 0.16882386043894204 0.1058574453069866
0 0.44682048396173324 0.32427664079040225 0.16882386043894204 0.1058574453069866
0 0.5014068655036579 0.8186309103740297 0.16882386043894204 0.1058574453069866
0 0.2425436128306134 0.3916725476358504 0.16882386043894204 0.1058574453069866
