0 0.3899057127010538 0.10967966573816156 0.16638935108153077 0.10445682451253482
0 0.5934553521907932 0.18314763231197773 0.16638935108153077 0.10445682451253482
0 0.20354963948973934 0.27123955431754876 0.16638935108153077 0.10445682451253482
0 0.2995008319467554 0.5083565459610028 0.16638935108153077 0.10445682451253482
0 0.5452024403771492 0.7461699164345403 0.16638935108153077 0.10445682451253482
0 0.4043261231281198 0.21622562674094709 0.16638935108153077 0.10445682451253482
0 0.5906821963394343 0.5654596100278552 0.16638935108153077 0.10445682451253482
0 0.45923460898502494 0.30779944289693595 0.16638935108153077 0.10445682451253482
0 0.7204658901830283 0.3683844011142061 0.16638935108153077 0.10445682451253482
0 0.4425956738768719 0.40006963788300837 0.16638935108153077 0.10445682451253482
