0 0.48544698544698545 0.25960969840331166 0.15592515592515593 0.08870490833826139
0 0.4516632016632017 0.5393258426966292 0.15592515592515593 0.08870490833826139
0 0.6351351351351351 0.37965700768775873 0.15592515592515593 0.08870490833826139
0 0.6081081081081081 0.4526907155529273 0.15592515592515593 0.08870490833826139
0 0.39501039501039503 0.1537551744529864 0.15592515592515593 0.08870490833826139
0 0.4215176715176715 0.4580130100532229 0.15592515592515593 0.08870490833826139
0 0.4579002079002079 0.9172087522176227 0.15592515592515593 0.08870490833826139
0 0.2156964656964657 0.23802483737433472 0.15592515592515593 0.08870490833826139
0 0.41476091476091476 0.6389710230632761 0.15592515592515593 0.08870490833826139
0 0.5841995841995842 0.5422826729745712 0.15592515592515593 0.08870490833826139
