0 0.328653146125845 0.4041598694942904 0.15600624024961 0.12234910277324633
0 0.5293811752470099 0.3690864600326264 0.15600624024961 0.12234910277324633
0 0.4955798231929277 0.632137030995106 0.15600624024961 0.12234910277324633
0 0.608424336973479 0.26916802610114193 0.15600624024961 0.12234910277324633
0 0.48517940717628705 0.2361337683523654 0.15600624024961 0.12234910277324633
0 0.42121684867394693 0.1137846655791191 0.15600624024961 0.12234910277324633
0 0.6713468538741549 0.6076672104404568 0.15600624024961 0.12234910277324633
0 0.8309932397295892 0.18107667210440456 0.15600624024961 0.12234910277324633
0 0.8465938637545501 0.8283034257748777 0.15600624024961 0.12234910277324633
0 0.530941237649506 0.10725938009787928 0.15600624024961 0.12234910277324633
