0 0.4717607973421927 0.2925594078691079 0.19933554817275748 0.1168679392286716
0 0.3308970099667774 0.5321386832878847 0.19933554817275748 0.1168679392286716
0 0.693687707641196 0.25788858589793534 0.19933554817275748 0.1168679392286716
0 0.507641196013289 0.43280093494351385 0.19933554817275748 0.1168679392286716
0 0.24119601328903653 0.3817686014803272 0.19933554817275748 0.1168679392286716
0 0.6292358803986711 0.5742111414102065 0.19933554817275748 0.1168679392286716
0 0.3574750830564784 0.1601090767432801 0.19933554817275748 0.1168679392286716
0 0.5481727574750831 0.08219711725749902 0.19933554817275748 0.1168679392286716
0 0.4212624584717608 0.5979742890533697 0.19933554817275748 0.1168679392286716
0 0.7056478405315615 0.3708609271523179 0.19933554817275748 0.1168679392286716
