0 0.23484848484848486 0.39621451104100947 0.3246753246753247 0.1892744479495268
0 0.551948051948052 0.8340694006309148 0.3246753246753247 0.1892744479495268
0 0.20454545454545456 0.6006309148264984 0.3246753246753247 0.1892744479495268
0 0.21753246753246752 0.7917981072555205 0.3246753246753247 0.1892744479495268
0 0.5681818181818182 0.6466876971608833 0.3246753246753247 0.1892744479495268
0 0.7987012987012987 0.2246056782334385 0.3246753246753247 0.1892744479495268
0 0.474025974025974 0.0946372239747634 0.3246753246753247 0.1892744479495268
0 0.5357142857142857 0.0946372239747634 0.3246753246753247 0.1892744479495268
0 0.6937229437229437 0.4769716088328076 0.3246753246753247 0.1892744479495268
0 0.2067099567099567 0.2025236593059937 0.3246753246753247 0.1892744479495268
