0 0.7506281407035176 0.05747126436781609 0.1884422110552764 0.11494252873563218
0 0.43278894472361806 0.44022988505747124 0.1884422110552764 0.11494252873563218
0 0.6300251256281407 0.05747126436781609 0.1884422110552764 0.11494252873563218
0 0.12374371859296482 0.05747126436781609 0.1884422110552764 0.11494252873563218
0 0.4880653266331658 0.30727969348659 0.1884422110552764 0.11494252873563218
0 0.5571608040201005 0.14061302681992338 0.1884422110552764 0.11494252873563218
0 0.29585427135678394 0.05747126436781609 0.1884422110552764 0.11494252873563218
0 0.5546482412060302 0.4256704980842912 0.1884422110552764 0.11494252873563218
0 0.6652010050251256 0.5306513409961686 0.1884422110552764 0.11494252873563218
0 0.46796482412060303 0.6704980842911877 0.1884422110552764 0.11494252873563218
