0 0.24427480916030533 0.10837671557027923 0.2081887578070784 0.14197823000473261
0 0.41568355308813326 0.22905821107430194 0.2081887578070784 0.14197823000473261
0 0.4316446911866759 0.6843350686228111 0.2081887578070784 0.14197823000473261
0 0.5648854961832062 0.9006152389966872 0.2081887578070784 0.14197823000473261
0 0.553088133240805 0.4500709891150024 0.2081887578070784 0.14197823000473261
0 0.6877168632893824 0.7562707051585423 0.2081887578070784 0.14197823000473261
0 0.3747397640527412 0.5309985802177 0.2081887578070784 0.14197823000473261
0 0.7064538514920194 0.2498816848083294 0.2081887578070784 0.14197823000473261
0 0.35045107564191535 0.375769048745859 0.2081887578070784 0.14197823000473261
0 0.42748091603053434 0.11405584477046853 0.2081887578070784 0.14197823000473261
