0 0.37683823529411764 0.4201474201474201 0.2757352941176471 0.18427518427518427
0 0.16911764705882354 0.35135135135135137 0.2757352941176471 0.18427518427518427
0 0.6727941176470589 0.128992628992629 0.2757352941176471 0.18427518427518427
0 0.2104779411764706 0.6154791154791155 0.2757352941176471 0.18427518427518427
0 0.8391544117647058 0.19164619164619165 0.2757352941176471 0.18427518427518427
0 0.6112132352941176 0.41216216216216217 0.2757352941176471 0.18427518427518427
0 0.4806985294117647 0.668918918918919 0.2757352941176471 0.18427518427518427
0 0.7757352941176471 0.3531941031941032 0.2757352941176471 0.18427518427518427
0 0.24724264705882354 0.7727272727272727 0.2757352941176471 0.18427518427518427
0 0.39338235294117646 0.2156019656019656 0.2757352941176471 0.18427518427518427
