0 0.30947680157946694 0.38332826285366595 0.14807502467917077 0.09126863401277761
0 0.4027640671273445 0.5661697596592637 0.14807502467917077 0.09126863401277761
0 0.4353405725567621 0.3894128384545178 0.14807502467917077 0.09126863401277761
0 0.2788746298124383 0.49741405536963795 0.14807502467917077 0.09126863401277761
0 0.45557749259624875 0.4539093398235473 0.14807502467917077 0.09126863401277761
0 0.5538005923000987 0.31548524490416796 0.14807502467917077 0.09126863401277761
0 0.5360315893385982 0.23699421965317918 0.14807502467917077 0.09126863401277761
0 0.6071076011846002 0.5886826893824155 0.14807502467917077 0.09126863401277761
0 0.5059230009871668 0.14572558564040158 0.14807502467917077 0.09126863401277761
0 0.31638696939782823 0.1673258290234256 0.14807502467917077 0.09126863401277761
