0 0.5547688463140358 0.2804969879518072 0.12494793835901707 0.11295180722891567
0 0.6992919616826322 0.4996234939759036 0.12494793835901707 0.11295180722891567
0 0.6222407330279051 0.4134036144578313 0.12494793835901707 0.11295180722891567
0 0.656393169512703 0.15775602409638553 0.12494793835901707 0.11295180722891567
0 0.299875052061641 0.827183734939759 0.12494793835901707 0.11295180722891567
0 0.31986672219908374 0.2808734939759036 0.12494793835901707 0.11295180722891567
0 0.4464806330695544 0.3181475903614458 0.12494793835901707 0.11295180722891567
0 0.7642648896293212 0.20105421686746988 0.12494793835901707 0.11295180722891567
0 0.23157017909204497 0.4066265060240964 0.12494793835901707 0.11295180722891567
0 0.4785506039150354 0.16227409638554216 0.12494793835901707 0.11295180722891567
