0 0.3770491803278688 0.5035765379113019 0.16393442622950818 0.1430615164520744
0 0.43387978142076505 0.6475917978063901 0.16393442622950818 0.1430615164520744
0 0.37540983606557377 0.33953266571292323 0.16393442622950818 0.1430615164520744
0 0.6021857923497268 0.2827849308536004 0.16393442622950818 0.1430615164520744
0 0.5174863387978142 0.0977587029089175 0.16393442622950818 0.1430615164520744
0 0.6371584699453552 0.49642346208869814 0.16393442622950818 0.1430615164520744
0 0.6103825136612022 0.6380543633762518 0.16393442622950818 0.1430615164520744
0 0.36721311475409835 0.23223652837386743 0.16393442622950818 0.1430615164520744
0 0.5010928961748634 0.8187887458273725 0.16393442622950818 0.1430615164520744
0 0.21092896174863388 0.45445875059608964 0.16393442622950818 0.1430615164520744
