0 0.3678474114441417 0.2641963426371511 0.2724795640326976 0.14436958614051973
0 0.6221616712079927 0.444177093358999 0.2724795640326976 0.14436958614051973
0 0.17257039055404177 0.08421559191530317 0.2724795640326976 0.14436958614051973
0 0.4187102633969119 0.5976900866217517 0.2724795640326976 0.14436958614051973
0 0.5286103542234333 0.24542829643888353 0.2724795640326976 0.14436958614051973
0 0.734786557674841 0.2714148219441771 0.2724795640326976 0.14436958614051973
0 0.26067211625794734 0.44995187680461984 0.2724795640326976 0.14436958614051973
0 0.3079019073569482 0.7579403272377286 0.2724795640326976 0.14436958614051973
0 0.7529518619436876 0.0875842155919153 0.2724795640326976 0.14436958614051973
0 0.5376930063578564 0.8498556304138595 0.2724795640326976 0.14436958614051973
