0 0.771123872026251 0.19156414762741653 0.2461033634126333 0.13181019332161686
0 0.4331419196062346 0.44024604569420034 0.2461033634126333 0.13181019332161686
0 0.6300246103363413 0.06590509666080843 0.2461033634126333 0.13181019332161686
0 0.2026251025430681 0.2587873462214411 0.2461033634126333 0.13181019332161686
0 0.48810500410172275 0.3071177504393673 0.2461033634126333 0.13181019332161686
0 0.55701394585726 0.140597539543058 0.2461033634126333 0.13181019332161686
0 0.7801476620180475 0.351493848857645 0.2461033634126333 0.13181019332161686
0 0.5545529122231337 0.4257469244288225 0.2461033634126333 0.13181019332161686
0 0.6652994257588187 0.5307557117750439 0.2461033634126333 0.13181019332161686
0 0.46759639048400325 0.6704745166959578 0.2461033634126333 0.13181019332161686
