0 0.35907046476761617 0.27097227097227095 0.22488755622188905 0.1053001053001053
0 0.7143928035982009 0.5103545103545104 0.22488755622188905 0.1053001053001053
0 0.42128935532233885 0.6514566514566514 0.22488755622188905 0.1053001053001053
0 0.27136431784107945 0.5043875043875043 0.22488755622188905 0.1053001053001053
0 0.4707646176911544 0.39206739206739205 0.22488755622188905 0.1053001053001053
0 0.6056971514242878 0.16321516321516322 0.22488755622188905 0.1053001053001053
0 0.6334332833583208 0.330993330993331 0.22488755622188905 0.1053001053001053
0 0.8875562218890555 0.2569322569322569 0.22488755622188905 0.1053001053001053
0 0.7113943028485757 0.49491049491049494 0.22488755622188905 0.1053001053001053
0 0.30359820089955025 0.6732186732186732 0.22488755622188905 0.1053001053001053
