0 0.3991031390134529 0.6742166855417139 0.1681614349775785 0.11325028312570781
0 0.7242152466367713 0.16119290298225747 0.1681614349775785 0.11325028312570781
0 0.827914798206278 0.1895054737636844 0.1681614349775785 0.11325028312570781
0 0.437780269058296 0.15817289543223859 0.1681614349775785 0.11325028312570781
0 0.5857623318385651 0.43639109097772744 0.1681614349775785 0.11325028312570781
0 0.2617713004484305 0.40015100037750095 0.1681614349775785 0.11325028312570781
0 0.5908071748878924 0.2536806342015855 0.1681614349775785 0.11325028312570781
0 0.351457399103139 0.1849754624386561 0.1681614349775785 0.11325028312570781
0 0.42713004484304934 0.33899584748961875 0.1681614349775785 0.11325028312570781
0 0.4131165919282511 0.51679879199698 0.1681614349775785 0.11325028312570781
