0 0.539799331103679 0.17738359201773837 0.20066889632107024 0.1662971175166297
0 0.5752508361204013 0.3215077605321508 0.20066889632107024 0.1662971175166297
0 0.5525083612040134 0.48004434589800443 0.20066889632107024 0.1662971175166297
0 0.7337792642140468 0.19124168514412418 0.20066889632107024 0.1662971175166297
0 0.3565217391304348 0.7605321507760532 0.20066889632107024 0.1662971175166297
0 0.3806020066889632 0.4284922394678492 0.20066889632107024 0.1662971175166297
0 0.21003344481605352 0.8752771618625277 0.20066889632107024 0.1662971175166297
0 0.18929765886287625 0.5066518847006651 0.20066889632107024 0.1662971175166297
0 0.4488294314381271 0.3082039911308204 0.20066889632107024 0.1662971175166297
0 0.2862876254180602 0.6707317073170732 0.20066889632107024 0.1662971175166297
