0 0.3595100864553314 0.23754233188195453 0.21613832853025935 0.14513788098693758
0 0.4812680115273775 0.5084663763909046 0.21613832853025935 0.14513788098693758
0 0.1729106628242075 0.34300919206579583 0.21613832853025935 0.14513788098693758
0 0.6015850144092219 0.23947750362844702 0.21613832853025935 0.14513788098693758
0 0.3256484149855908 0.3841315916787615 0.21613832853025935 0.14513788098693758
0 0.5381844380403458 0.6240928882438317 0.21613832853025935 0.14513788098693758
0 0.6087896253602305 0.36090953072085147 0.21613832853025935 0.14513788098693758
0 0.21181556195965417 0.5834542815674891 0.21613832853025935 0.14513788098693758
0 0.39913544668587897 0.659893565553943 0.21613832853025935 0.14513788098693758
0 0.5064841498559077 0.30672472181906146 0.21613832853025935 0.14513788098693758
