0 0.47077309868007544 0.539219888555508 0.18856065367693275 0.12858979854264896
0 0.6920175989943432 0.2721817402486069 0.18856065367693275 0.12858979854264896
0 0.3689503456945317 0.26189455636519504 0.18856065367693275 0.12858979854264896
0 0.5235700817096166 0.2027432490355765 0.18856065367693275 0.12858979854264896
0 0.18730358265241986 0.15902271753107586 0.18856065367693275 0.12858979854264896
0 0.3582652419861722 0.3939134162023146 0.18856065367693275 0.12858979854264896
0 0.5964802011313639 0.6913844834976425 0.18856065367693275 0.12858979854264896
0 0.16907605279698304 0.324903557651093 0.18856065367693275 0.12858979854264896
0 0.6404776869893148 0.4642091727389627 0.18856065367693275 0.12858979854264896
0 0.43997485857950974 0.0788684097728247 0.18856065367693275 0.12858979854264896
