0 0.4617117117117117 0.8183683940482298 0.22522522522522523 0.1539250897896357
0 0.81006006006006 0.1893278604412519 0.22522522522522523 0.1539250897896357
0 0.6261261261261262 0.3494099538224731 0.22522522522522523 0.1539250897896357
0 0.27627627627627627 0.40841457157516675 0.22522522522522523 0.1539250897896357
0 0.47072072072072074 0.3745510518214469 0.22522522522522523 0.1539250897896357
0 0.5623123123123123 0.20574653668547974 0.22522522522522523 0.1539250897896357
0 0.5007507507507507 0.6213442791174961 0.22522522522522523 0.1539250897896357
0 0.3153153153153153 0.7675731144176501 0.22522522522522523 0.1539250897896357
0 0.3325825825825826 0.20523345305284763 0.22522522522522523 0.1539250897896357
0 0.7852852852852853 0.43201641867624424 0.22522522522522523 0.1539250897896357
