0 0.32701222081753056 0.20680851063829786 0.1264222503160556 0.1276595744680851
0 0.44879898862199746 0.24 0.1264222503160556 0.1276595744680851
0 0.4808259587020649 0.40127659574468083 0.1264222503160556 0.1276595744680851
0 0.7054361567635904 0.3080851063829787 0.1264222503160556 0.1276595744680851
0 0.19511167298777918 0.3038297872340426 0.1264222503160556 0.1276595744680851
0 0.3442899283607248 0.3740425531914894 0.1264222503160556 0.1276595744680851
0 0.8048883270122208 0.16680851063829788 0.1264222503160556 0.1276595744680851
0 0.31352718078381797 0.5382978723404256 0.1264222503160556 0.1276595744680851
0 0.20564686051411715 0.47702127659574467 0.1264222503160556 0.1276595744680851
0 0.22545301306363252 0.6293617021276596 0.1264222503160556 0.1276595744680851
