0 0.765142150803461 0.3619656412305234 0.18541409147095178 0.11985617259288853
0 0.2169344870210136 0.2596883739512585 0.18541409147095178 0.11985617259288853
0 0.5339925834363412 0.6452257291250499 0.18541409147095178 0.11985617259288853
0 0.6359703337453646 0.50539352776668 0.18541409147095178 0.11985617259288853
0 0.2249690976514215 0.37315221733919296 0.18541409147095178 0.11985617259288853
0 0.6100123609394313 0.2500998801438274 0.18541409147095178 0.11985617259288853
0 0.39493201483312734 0.33240111865761085 0.18541409147095178 0.11985617259288853
0 0.4357231149567367 0.4730323611666001 0.18541409147095178 0.11985617259288853
0 0.39184177997527814 0.6532161406312426 0.18541409147095178 0.11985617259288853
0 0.4715698393077874 0.8178186176588095 0.18541409147095178 0.11985617259288853
