0 0.8703071672354948 0.16134648868253046 0.17064846416382254 0.08705745792222867
0 0.24004550625711035 0.4791062100986651 0.17064846416382254 0.08705745792222867
0 0.6723549488054608 0.08096343586767267 0.17064846416382254 0.08705745792222867
0 0.6564277588168373 0.4413813116656994 0.17064846416382254 0.08705745792222867
0 0.5051194539249146 0.6239117817759722 0.17064846416382254 0.08705745792222867
0 0.5967007963594995 0.9135229251305862 0.17064846416382254 0.08705745792222867
0 0.602957906712173 0.1807893209518282 0.17064846416382254 0.08705745792222867
0 0.4334470989761092 0.269297736506094 0.17064846416382254 0.08705745792222867
0 0.658703071672355 0.1915264074289031 0.17064846416382254 0.08705745792222867
0 0.3083048919226394 0.6181079512478236 0.17064846416382254 0.08705745792222867
