0 0.4726407613005551 0.12538540596094552 0.23790642347343377 0.15416238437821173
0 0.43774781919111816 0.5714285714285714 0.23790642347343377 0.15416238437821173
0 0.21490880253766853 0.34686536485097635 0.23790642347343377 0.15416238437821173
0 0.6209357652656622 0.5205549845837616 0.23790642347343377 0.15416238437821173
0 0.36241078509119745 0.2523124357656732 0.23790642347343377 0.15416238437821173
0 0.6883425852498017 0.13463514902363824 0.23790642347343377 0.15416238437821173
0 0.3782712133227597 0.7055498458376156 0.23790642347343377 0.15416238437821173
0 0.6367961934972244 0.3335046248715313 0.23790642347343377 0.15416238437821173
0 0.3013481363996828 0.47327852004111 0.23790642347343377 0.15416238437821173
0 0.168913560666138 0.15056526207605345 0.23790642347343377 0.15416238437821173
