0 0.5202634245187436 0.490931832395247 0.1519756838905775 0.09380863039399624
0 0.3069908814589666 0.15540963101938712 0.1519756838905775 0.09380863039399624
0 0.4690982776089159 0.36460287679799874 0.1519756838905775 0.09380863039399624
0 0.2988855116514691 0.3117573483427142 0.1519756838905775 0.09380863039399624
0 0.30192502532928067 0.23295809881175736 0.1519756838905775 0.09380863039399624
0 0.3586626139817629 0.3943089430894309 0.1519756838905775 0.09380863039399624
0 0.41691995947315097 0.6072545340838024 0.1519756838905775 0.09380863039399624
0 0.3905775075987842 0.25359599749843653 0.1519756838905775 0.09380863039399624
0 0.5729483282674772 0.2858036272670419 0.1519756838905775 0.09380863039399624
0 0.6165146909827761 0.1657285803627267 0.1519756838905775 0.09380863039399624
