0 0.33886085075702954 0.4765 0.21629416005767843 0.15
0 0.14635904830569574 0.4235 0.21629416005767843 0.15
0 0.772170151405912 0.234 0.21629416005767843 0.15
0 0.67267483777938 0.486 0.21629416005767843 0.15
0 0.2069214131218457 0.2365 0.21629416005767843 0.15
0 0.6157173756308579 0.075 0.21629416005767843 0.15
0 0.4441240086517664 0.1755 0.21629416005767843 0.15
0 0.5111751982696467 0.386 0.21629416005767843 0.15
0 0.5061283345349675 0.617 0.21629416005767843 0.15
0 0.5378514780100937 0.2545 0.21629416005767843 0.15
