0 0.368735976065819 0.2514827995255042 0.2243829468960359 0.17793594306049823
0 0.5833956619296934 0.3279952550415184 0.2243829468960359 0.17793594306049823
0 0.29020194465220644 0.2746144721233689 0.2243829468960359 0.17793594306049823
0 0.5295437546746448 0.1601423487544484 0.2243829468960359 0.17793594306049823
0 0.3193717277486911 0.2941874258600237 0.2243829468960359 0.17793594306049823
0 0.2243829468960359 0.5118623962040332 0.2243829468960359 0.17793594306049823
0 0.25205684367988035 0.21352313167259787 0.2243829468960359 0.17793594306049823
0 0.4607329842931937 0.7040332147093713 0.2243829468960359 0.17793594306049823
0 0.6664173522812267 0.6008303677342823 0.2243829468960359 0.17793594306049823
0 0.5295437546746448 0.49940688018979834 0.2243829468960359 0.17793594306049823
