0 0.3068526379624015 0.493961823139852 0.18192844147968465 0.1168679392286716
0 0.11461491813220133 0.24970783015192832 0.18192844147968465 0.1168679392286716
0 0.5748938750758035 0.7136735488897545 0.18192844147968465 0.1168679392286716
0 0.5118253486961795 0.5835605765485002 0.18192844147968465 0.1168679392286716
0 0.4329896907216495 0.1468640436306973 0.18192844147968465 0.1168679392286716
0 0.38750758035172833 0.7148422282820412 0.18192844147968465 0.1168679392286716
0 0.6652516676773802 0.45500584339696143 0.18192844147968465 0.1168679392286716
0 0.750758035172832 0.2703544994156603 0.18192844147968465 0.1168679392286716
0 0.6027895694360218 0.41020646669263733 0.18192844147968465 0.1168679392286716
0 0.46270466949666467 0.9123490455784963 0.18192844147968465 0.1168679392286716
