0 0.723265306122449 0.13967073818374934 0.24489795918367346 0.15932023366967604
0 0.5983673469387755 0.34041423260754117 0.24489795918367346 0.15932023366967604
0 0.3355102040816327 0.5496548061603823 0.24489795918367346 0.15932023366967604
0 0.49142857142857144 0.7254381306425917 0.24489795918367346 0.15932023366967604
0 0.8775510204081632 0.33935209771641 0.24489795918367346 0.15932023366967604
0 0.2416326530612245 0.2379182156133829 0.24489795918367346 0.15932023366967604
0 0.6538775510204081 0.49123738714816784 0.24489795918367346 0.15932023366967604
0 0.4579591836734694 0.40467339352097714 0.24489795918367346 0.15932023366967604
0 0.7224489795918367 0.6298459904407859 0.24489795918367346 0.15932023366967604
0 0.3730612244897959 0.7796070100902814 0.24489795918367346 0.15932023366967604
