0 0.4585492227979275 0.4450909090909091 0.19430051813471502 0.10909090909090909
0 0.45984455958549225 0.8883636363636364 0.19430051813471502 0.10909090909090909
0 0.25 0.2858181818181818 0.19430051813471502 0.10909090909090909
0 0.42033678756476683 0.05454545454545454 0.19430051813471502 0.10909090909090909
0 0.5297927461139896 0.268 0.19430051813471502 0.10909090909090909
0 0.4378238341968912 0.14945454545454545 0.19430051813471502 0.10909090909090909
0 0.6295336787564767 0.13018181818181818 0.19430051813471502 0.10909090909090909
0 0.46178756476683935 0.548 0.19430051813471502 0.10909090909090909
0 0.23251295336787564 0.6589090909090909 0.19430051813471502 0.10909090909090909
0 0.22927461139896374 0.12945454545454546 0.19430051813471502 0.10909090909090909
