0 0.8032994923857868 0.8371454711802379 0.38071065989847713 0.2744739249771272
0 0.6814720812182741 0.20585544373284537 0.38071065989847713 0.2744739249771272
0 0.19035532994923857 0.5672461116193962 0.38071065989847713 0.2744739249771272
0 0.19543147208121828 0.23970722781335774 0.38071065989847713 0.2744739249771272
0 0.19035532994923857 0.4254345837145471 0.38071065989847713 0.2744739249771272
0 0.4365482233502538 0.8627630375114365 0.38071065989847713 0.2744739249771272
0 0.8096446700507615 0.24062214089661482 0.38071065989847713 0.2744739249771272
0 0.366751269035533 0.1372369624885636 0.38071065989847713 0.2744739249771272
0 0.5342639593908629 0.1372369624885636 0.38071065989847713 0.2744739249771272
0 0.8096446700507615 0.39615736505032023 0.38071065989847713 0.2744739249771272
