0 0.2667852378835038 0.32557205941389 0.1333926189417519 0.12043356081894821
0 0.5646954201867497 0.4002408671216379 0.1333926189417519 0.12043356081894821
0 0.3850600266785238 0.5873143315937375 0.1333926189417519 0.12043356081894821
0 0.5060026678523788 0.2199919710959454 0.1333926189417519 0.12043356081894821
0 0.5664739884393064 0.5869128863910076 0.1333926189417519 0.12043356081894821
0 0.3810582481102712 0.4283420313127258 0.1333926189417519 0.12043356081894821
0 0.47487772343263673 0.7844239261340827 0.1333926189417519 0.12043356081894821
0 0.37394397510004446 0.7832195905258932 0.1333926189417519 0.12043356081894821
0 0.4486438417074255 0.3079084704937776 0.1333926189417519 0.12043356081894821
0 0.7252112049799911 0.46407065435568046 0.1333926189417519 0.12043356081894821
