0 0.3472133247918001 0.2777551850345669 0.19218449711723254 0.12200081333875559
0 0.484304932735426 0.23180154534363562 0.19218449711723254 0.12200081333875559
0 0.4561178731582319 0.4379829198861326 0.19218449711723254 0.12200081333875559
0 0.5887251761691223 0.3013420089467263 0.19218449711723254 0.12200081333875559
0 0.7181294042280589 0.4961366409109394 0.19218449711723254 0.12200081333875559
0 0.29212043561819345 0.19194794631964213 0.19218449711723254 0.12200081333875559
0 0.7501601537475977 0.2712484749898333 0.19218449711723254 0.12200081333875559
0 0.47725816784112746 0.6502643350955674 0.19218449711723254 0.12200081333875559
0 0.7053171044202434 0.36030906872712487 0.19218449711723254 0.12200081333875559
0 0.5803971812940423 0.5587637250915006 0.19218449711723254 0.12200081333875559
