0 0.5252161383285303 0.46421471172962225 0.21613832853025935 0.14910536779324055
0 0.7168587896253602 0.5785288270377733 0.21613832853025935 0.14910536779324055
0 0.797550432276657 0.16202783300198806 0.21613832853025935 0.14910536779324055
0 0.7536023054755043 0.7186878727634195 0.21613832853025935 0.14910536779324055
0 0.6174351585014409 0.26938369781312127 0.21613832853025935 0.14910536779324055
0 0.45244956772334294 0.07554671968190854 0.21613832853025935 0.14910536779324055
0 0.4553314121037464 0.07455268389662027 0.21613832853025935 0.14910536779324055
0 0.5504322766570605 0.7997017892644135 0.21613832853025935 0.14910536779324055
0 0.3134005763688761 0.2649105367793241 0.21613832853025935 0.14910536779324055
0 0.25144092219020175 0.49254473161033796 0.21613832853025935 0.14910536779324055
