0 0.8206896551724138 0.3484216795711733 0.3448275862068966 0.1786777843954735
0 0.3252873563218391 0.35556879094699223 0.3448275862068966 0.1786777843954735
0 0.8183908045977012 0.17391304347826086 0.3448275862068966 0.1786777843954735
0 0.29540229885057473 0.4526503871351995 0.3448275862068966 0.1786777843954735
0 0.3701149425287356 0.11554496724240619 0.3448275862068966 0.1786777843954735
0 0.4218390804597701 0.7313877307921381 0.3448275862068966 0.1786777843954735
0 0.539080459770115 0.4520547945205479 0.3448275862068966 0.1786777843954735
0 0.5310344827586206 0.5789160214413341 0.3448275862068966 0.1786777843954735
0 0.1724137931034483 0.22632519356759975 0.3448275862068966 0.1786777843954735
0 0.5620689655172414 0.1643835616438356 0.3448275862068966 0.1786777843954735
