0 0.4511392405063291 0.6723044397463002 0.1518987341772152 0.15856236786469344
0 0.5412658227848102 0.23995771670190275 0.1518987341772152 0.15856236786469344
0 0.6536708860759494 0.39006342494714585 0.1518987341772152 0.15856236786469344
0 0.27645569620253163 0.40856236786469347 0.1518987341772152 0.15856236786469344
0 0.47037974683544304 0.3747357293868922 0.1518987341772152 0.15856236786469344
0 0.5625316455696202 0.20560253699788583 0.1518987341772152 0.15856236786469344
0 0.5893670886075949 0.6469344608879493 0.1518987341772152 0.15856236786469344
0 0.3741772151898734 0.6226215644820295 0.1518987341772152 0.15856236786469344
0 0.3427848101265823 0.20665961945031713 0.1518987341772152 0.15856236786469344
0 0.7989873417721519 0.35570824524312894 0.1518987341772152 0.15856236786469344
