0 0.29105839416058393 0.3818785578747628 0.2737226277372263 0.14231499051233396
0 0.4343065693430657 0.7556925996204934 0.2737226277372263 0.14231499051233396
0 0.3978102189781022 0.4131878557874763 0.2737226277372263 0.14231499051233396
0 0.3248175182481752 0.24810246679316889 0.2737226277372263 0.14231499051233396
0 0.5456204379562044 0.579696394686907 0.2737226277372263 0.14231499051233396
0 0.6368613138686131 0.3439278937381404 0.2737226277372263 0.14231499051233396
0 0.31295620437956206 0.4473434535104364 0.2737226277372263 0.14231499051233396
0 0.5857664233576643 0.45588235294117646 0.2737226277372263 0.14231499051233396
0 0.38321167883211676 0.6162239089184061 0.2737226277372263 0.14231499051233396
0 0.5145985401459854 0.5080645161290323 0.2737226277372263 0.14231499051233396
