0 0.6066799601196411 0.24008350730688935 0.14955134596211367 0.12526096033402923
0 0.4356929212362911 0.1757828810020877 0.14955134596211367 0.12526096033402923
0 0.7133599202392822 0.4613778705636743 0.14955134596211367 0.12526096033402923
0 0.4187437686939183 0.5611691022964509 0.14955134596211367 0.12526096033402923
0 0.6251246261216351 0.577035490605428 0.14955134596211367 0.12526096033402923
0 0.31754735792622135 0.24091858037578287 0.14955134596211367 0.12526096033402923
0 0.4905284147557328 0.39290187891440503 0.14955134596211367 0.12526096033402923
0 0.7183449651046859 0.2647181628392484 0.14955134596211367 0.12526096033402923
0 0.5209371884346959 0.7632567849686848 0.14955134596211367 0.12526096033402923
0 0.5628115653040877 0.5022964509394572 0.14955134596211367 0.12526096033402923
