0 0.43977976600137647 0.4007959067652075 0.20646937370956642 0.17055144968732233
0 0.1961459050240881 0.33996588971006253 0.20646937370956642 0.17055144968732233
0 0.3145216792842395 0.5633882888004548 0.20646937370956642 0.17055144968732233
0 0.6049552649690296 0.28140989198408184 0.20646937370956642 0.17055144968732233
0 0.6028905712319339 0.43035815804434335 0.20646937370956642 0.17055144968732233
0 0.673778389538885 0.5980670835702103 0.20646937370956642 0.17055144968732233
0 0.3922918100481762 0.2643547470153496 0.20646937370956642 0.17055144968732233
0 0.41087405368203717 0.08527572484366117 0.20646937370956642 0.17055144968732233
0 0.48864418444597385 0.7106310403638431 0.20646937370956642 0.17055144968732233
0 0.6813489332415692 0.1847640704945992 0.20646937370956642 0.17055144968732233
