0 0.5342465753424658 0.4056066579062637 0.24174053182917002 0.1314060446780552
0 0.7840451248992748 0.6574682435392029 0.24174053182917002 0.1314060446780552
0 0.38678485092667203 0.7796758650897941 0.24174053182917002 0.1314060446780552
0 0.3972602739726027 0.328515111695138 0.24174053182917002 0.1314060446780552
0 0.6293311845286059 0.8615856329391152 0.24174053182917002 0.1314060446780552
0 0.31103948428686545 0.44590451160753397 0.24174053182917002 0.1314060446780552
0 0.5866236905721193 0.5361366622864652 0.24174053182917002 0.1314060446780552
0 0.39403706688154716 0.9049496276828735 0.24174053182917002 0.1314060446780552
0 0.38114423851732476 0.6197985107314936 0.24174053182917002 0.1314060446780552
0 0.5463336019339242 0.1427945685501533 0.24174053182917002 0.1314060446780552
