0 0.7149142102947647 0.268690275435638 0.13198416190057194 0.16863406408094436
0 0.23273207215134184 0.224283305227656 0.13198416190057194 0.16863406408094436
0 0.7065552133743951 0.44969083754918493 0.13198416190057194 0.16863406408094436
0 0.1737791465024197 0.3243395165823496 0.13198416190057194 0.16863406408094436
0 0.5195776506819182 0.7251264755480608 0.13198416190057194 0.16863406408094436
0 0.5934887813462385 0.41034288926363127 0.13198416190057194 0.16863406408094436
0 0.36251649802023755 0.5491849353569421 0.13198416190057194 0.16863406408094436
0 0.5076990761108667 0.45868465430016864 0.13198416190057194 0.16863406408094436
0 0.5965684117905852 0.21360314783586284 0.13198416190057194 0.16863406408094436
0 0.3079630444346678 0.13884204609331086 0.13198416190057194 0.16863406408094436
