0 0.3836734693877551 0.12085860942603827 0.24489795918367346 0.1399906672888474
0 0.5363265306122449 0.0699953336444237 0.24489795918367346 0.1399906672888474
0 0.6473469387755102 0.33411105926271584 0.24489795918367346 0.1399906672888474
0 0.8775510204081632 0.40317312179188053 0.24489795918367346 0.1399906672888474
0 0.7273469387755102 0.16145590293980402 0.24489795918367346 0.1399906672888474
0 0.5175510204081633 0.45216985534297716 0.24489795918367346 0.1399906672888474
0 0.7902040816326531 0.0699953336444237 0.24489795918367346 0.1399906672888474
0 0.6644897959183673 0.4811012599160056 0.24489795918367346 0.1399906672888474
0 0.42612244897959184 0.705552963135791 0.24489795918367346 0.1399906672888474
0 0.5085714285714286 0.20251983201119925 0.24489795918367346 0.1399906672888474
