0 0.26791277258566976 0.7018502943650126 0.2336448598130841 0.1261564339781329
0 0.3146417445482866 0.5121951219512195 0.2336448598130841 0.1261564339781329
0 0.1822429906542056 0.16400336417157274 0.2336448598130841 0.1261564339781329
0 0.6526479750778816 0.520605550883095 0.2336448598130841 0.1261564339781329
0 0.48442367601246106 0.6572750210260724 0.2336448598130841 0.1261564339781329
0 0.5163551401869159 0.0782169890664424 0.2336448598130841 0.1261564339781329
0 0.31697819314641745 0.2960470984020185 0.2336448598130841 0.1261564339781329
0 0.5568535825545171 0.31328847771236334 0.2336448598130841 0.1261564339781329
0 0.3325545171339564 0.3666947014297729 0.2336448598130841 0.1261564339781329
0 0.7928348909657321 0.2287636669470143 0.2336448598130841 0.1261564339781329
