0 0.4121315192743764 0.8039447731755424 0.17006802721088435 0.11834319526627218
0 0.4268707482993197 0.2331360946745562 0.17006802721088435 0.11834319526627218
0 0.7052154195011338 0.19842209072978303 0.17006802721088435 0.11834319526627218
0 0.3934240362811791 0.48244575936883627 0.17006802721088435 0.11834319526627218
0 0.6524943310657596 0.2710059171597633 0.17006802721088435 0.11834319526627218
0 0.5311791383219955 0.28441814595660747 0.17006802721088435 0.11834319526627218
0 0.713718820861678 0.4804733727810651 0.17006802721088435 0.11834319526627218
0 0.8327664399092971 0.08520710059171598 0.17006802721088435 0.11834319526627218
0 0.5702947845804989 0.1854043392504931 0.17006802721088435 0.11834319526627218
0 0.6921768707482994 0.5384615384615384 0.17006802721088435 0.11834319526627218
