0 0.5333792154163799 0.16062917063870352 0.20646937370956642 0.14299332697807435
0 0.465244322092223 0.6244041944709247 0.20646937370956642 0.14299332697807435
0 0.3420509291121817 0.7735938989513823 0.20646937370956642 0.14299332697807435
0 0.264280798348245 0.3508102955195424 0.20646937370956642 0.14299332697807435
0 0.3936682725395733 0.13679694947569113 0.20646937370956642 0.14299332697807435
0 0.36545079146593257 0.4809342230695901 0.20646937370956642 0.14299332697807435
0 0.7467309015829319 0.24451858913250715 0.20646937370956642 0.14299332697807435
0 0.39504473503097043 0.29361296472831266 0.20646937370956642 0.14299332697807435
0 0.6269786648313833 0.28741658722592944 0.20646937370956642 0.14299332697807435
0 0.6379903647625602 0.5009532888465205 0.20646937370956642 0.14299332697807435
