0 0.4328974535443909 0.2688953488372093 0.20646937370956642 0.14534883720930233
0 0.48107364074328973 0.5087209302325582 0.20646937370956642 0.14534883720930233
0 0.6613902271163111 0.1371124031007752 0.20646937370956642 0.14534883720930233
0 0.5547143840330351 0.26647286821705424 0.20646937370956642 0.14534883720930233
0 0.3551273227804542 0.38856589147286824 0.20646937370956642 0.14534883720930233
0 0.4315209910529938 0.6472868217054264 0.20646937370956642 0.14534883720930233
0 0.7157604955264969 0.3963178294573643 0.20646937370956642 0.14534883720930233
0 0.22161046111493463 0.26598837209302323 0.20646937370956642 0.14534883720930233
0 0.540949759119064 0.6608527131782945 0.20646937370956642 0.14534883720930233
0 0.5010323468685478 0.35804263565891475 0.20646937370956642 0.14534883720930233
