0 0.2915931804820694 0.3819477434679335 0.1763668430335097 0.14251781472684086
0 0.45972957084068194 0.771021377672209 0.1763668430335097 0.14251781472684086
0 0.39800117577895355 0.41330166270783847 0.1763668430335097 0.14251781472684086
0 0.23809523809523808 0.2342042755344418 0.1763668430335097 0.14251781472684086
0 0.5432098765432098 0.5391923990498813 0.1763668430335097 0.14251781472684086
0 0.7413286302175192 0.32209026128266033 0.1763668430335097 0.14251781472684086
0 0.3133450911228689 0.4475059382422803 0.1763668430335097 0.14251781472684086
0 0.5861258083480305 0.45605700712589076 0.1763668430335097 0.14251781472684086
0 0.38271604938271603 0.6166270783847981 0.1763668430335097 0.14251781472684086
0 0.51440329218107 0.5078384798099762 0.1763668430335097 0.14251781472684086
