0 0.8054662379421221 0.2462686567164179 0.24115755627009647 0.13992537313432835
0 0.19051446945337622 0.48507462686567165 0.24115755627009647 0.13992537313432835
0 0.3167202572347267 0.6245335820895522 0.24115755627009647 0.13992537313432835
0 0.2508038585209003 0.292910447761194 0.24115755627009647 0.13992537313432835
0 0.5466237942122186 0.375 0.24115755627009647 0.13992537313432835
0 0.6270096463022508 0.6226679104477612 0.24115755627009647 0.13992537313432835
0 0.5369774919614148 0.22527985074626866 0.24115755627009647 0.13992537313432835
0 0.3987138263665595 0.08768656716417911 0.24115755627009647 0.13992537313432835
0 0.37138263665594856 0.4291044776119403 0.24115755627009647 0.13992537313432835
0 0.385048231511254 0.8325559701492538 0.24115755627009647 0.13992537313432835
