0 0.6958017894012388 0.3326623049823855 0.20646937370956642 0.1509813789632612
0 0.4411562284927736 0.754906894816306 0.20646937370956642 0.1509813789632612
0 0.7412250516173434 0.1580271766482134 0.20646937370956642 0.1509813789632612
0 0.258086717136958 0.5349773527931555 0.20646937370956642 0.1509813789632612
0 0.28217481073640743 0.23603422244589833 0.20646937370956642 0.1509813789632612
0 0.6641431520991053 0.49270256668344237 0.20646937370956642 0.1509813789632612
0 0.4858912594631796 0.2159033719174635 0.20646937370956642 0.1509813789632612
0 0.37026841018582246 0.6562657272269753 0.20646937370956642 0.1509813789632612
0 0.46730901582931866 0.5299446401610468 0.20646937370956642 0.1509813789632612
0 0.41431520991052995 0.3598389531957725 0.20646937370956642 0.1509813789632612
