0 0.3703071672354949 0.4074259909683894 0.25597269624573377 0.15052684395383845
0 0.2440273037542662 0.35273457099849476 0.25597269624573377 0.15052684395383845
0 0.6604095563139932 0.23381836427496236 0.25597269624573377 0.15052684395383845
0 0.6416382252559727 0.45408931259407925 0.25597269624573377 0.15052684395383845
0 0.2525597269624573 0.19568489713998996 0.25597269624573377 0.15052684395383845
0 0.5179180887372014 0.11490215755143 0.25597269624573377 0.15052684395383845
0 0.33361774744027306 0.17912694430506773 0.25597269624573377 0.15052684395383845
0 0.5878839590443686 0.4214751630707476 0.25597269624573377 0.15052684395383845
0 0.44283276450511944 0.6126442548921224 0.25597269624573377 0.15052684395383845
0 0.537542662116041 0.25439036628198697 0.25597269624573377 0.15052684395383845
