0 0.6392045454545454 0.3234924623115578 0.21306818181818182 0.1884422110552764
0 0.7414772727272727 0.28266331658291455 0.21306818181818182 0.1884422110552764
0 0.5447443181818182 0.6287688442211056 0.21306818181818182 0.1884422110552764
0 0.8401988636363636 0.13128140703517588 0.21306818181818182 0.1884422110552764
0 0.7166193181818182 0.43655778894472363 0.21306818181818182 0.1884422110552764
0 0.3565340909090909 0.44409547738693467 0.21306818181818182 0.1884422110552764
0 0.4325284090909091 0.7694723618090452 0.21306818181818182 0.1884422110552764
0 0.19105113636363635 0.24685929648241206 0.21306818181818182 0.1884422110552764
0 0.4474431818181818 0.239321608040201 0.21306818181818182 0.1884422110552764
0 0.3828125 0.0942211055276382 0.21306818181818182 0.1884422110552764
