0 0.5967741935483871 0.12648691514670896 0.21037868162692847 0.11895321173671689
0 0.31626928471248245 0.31007137192704204 0.21037868162692847 0.11895321173671689
0 0.49298737727910236 0.7192704203013481 0.21037868162692847 0.11895321173671689
0 0.1640953716690042 0.10943695479777954 0.21037868162692847 0.11895321173671689
0 0.255960729312763 0.6130055511498811 0.21037868162692847 0.11895321173671689
0 0.40042075736325383 0.11776367961934972 0.21037868162692847 0.11895321173671689
0 0.6311360448807855 0.5015860428231562 0.21037868162692847 0.11895321173671689
0 0.8948106591865358 0.6455194290245837 0.21037868162692847 0.11895321173671689
0 0.8064516129032258 0.3326724821570182 0.21037868162692847 0.11895321173671689
0 0.5385694249649369 0.30729579698651865 0.21037868162692847 0.11895321173671689
