0 0.21666666666666667 0.3219039935457846 0.3333333333333333 0.12101653892698669
0 0.4066666666666667 0.9394917305365067 0.3333333333333333 0.12101653892698669
0 0.23777777777777778 0.5373134328358209 0.3333333333333333 0.12101653892698669
0 0.6933333333333334 0.3307785397337636 0.3333333333333333 0.12101653892698669
0 0.35777777777777775 0.2254941508672852 0.3333333333333333 0.12101653892698669
0 0.7644444444444445 0.21782977006857604 0.3333333333333333 0.12101653892698669
0 0.5622222222222222 0.6163775716014522 0.3333333333333333 0.12101653892698669
0 0.43 0.7269060104881 0.3333333333333333 0.12101653892698669
0 0.5966666666666667 0.5038321903993546 0.3333333333333333 0.12101653892698669
0 0.31777777777777777 0.3783783783783784 0.3333333333333333 0.12101653892698669
