0 0.6119081779053085 0.8529769137302552 0.2152080344332855 0.12150668286755771
0 0.4748923959827834 0.5650060753341434 0.2152080344332855 0.12150668286755771
0 0.43543758967001434 0.3892264074524099 0.2152080344332855 0.12150668286755771
0 0.27905308464849354 0.49736735520453623 0.2152080344332855 0.12150668286755771
0 0.6736011477761836 0.35844471445929527 0.2152080344332855 0.12150668286755771
0 0.554519368723099 0.28959092750101256 0.2152080344332855 0.12150668286755771
0 0.5358680057388809 0.23693803159173754 0.2152080344332855 0.12150668286755771
0 0.723816355810617 0.5666261644390441 0.2152080344332855 0.12150668286755771
0 0.6147776183644189 0.06966383151073309 0.2152080344332855 0.12150668286755771
0 0.3163558106169297 0.16727420008100446 0.2152080344332855 0.12150668286755771
