0 0.24010382868267358 0.19496204278812976 0.1946787800129786 0.10351966873706005
0 0.3861129136924075 0.11870255348516218 0.1946787800129786 0.10351966873706005
0 0.6469824789097989 0.33402346445824704 0.1946787800129786 0.10351966873706005
0 0.3192731992212849 0.5476190476190477 0.1946787800129786 0.10351966873706005
0 0.254380272550292 0.37681159420289856 0.1946787800129786 0.10351966873706005
0 0.47955872809863725 0.4140786749482402 0.1946787800129786 0.10351966873706005
0 0.6404931862426996 0.24189095928226362 0.1946787800129786 0.10351966873706005
0 0.755353666450357 0.3281573498964803 0.1946787800129786 0.10351966873706005
0 0.3990914990266061 0.3195307108350587 0.1946787800129786 0.10351966873706005
0 0.5081116158338741 0.2028985507246377 0.1946787800129786 0.10351966873706005
