0 0.6408602150537634 0.3007915567282322 0.21505376344086022 0.09894459102902374
0 0.5340501792114696 0.6968997361477572 0.21505376344086022 0.09894459102902374
0 0.7491039426523297 0.04947229551451187 0.21505376344086022 0.09894459102902374
0 0.3017921146953405 0.5155013192612137 0.21505376344086022 0.09894459102902374
0 0.46308243727598564 0.16523746701846967 0.21505376344086022 0.09894459102902374
0 0.5211469534050179 0.5062664907651715 0.21505376344086022 0.09894459102902374
0 0.5154121863799284 0.2922163588390501 0.21505376344086022 0.09894459102902374
0 0.36989247311827955 0.6563324538258575 0.21505376344086022 0.09894459102902374
0 0.43655913978494626 0.4967018469656992 0.21505376344086022 0.09894459102902374
0 0.32688172043010755 0.37730870712401055 0.21505376344086022 0.09894459102902374
