0 0.6459048553212359 0.2661990647962592 0.14713094654242276 0.10020040080160321
0 0.2329573320255027 0.22444889779559118 0.14713094654242276 0.10020040080160321
0 0.7062285434036293 0.44956579826319304 0.14713094654242276 0.10020040080160321
0 0.2319764590485532 0.3430193720774883 0.14713094654242276 0.10020040080160321
0 0.5806768023540951 0.6419505678022712 0.14713094654242276 0.10020040080160321
0 0.5934281510544385 0.4104876419505678 0.14713094654242276 0.10020040080160321
0 0.4350171652770966 0.3089512358049432 0.14713094654242276 0.10020040080160321
0 0.5076017655713585 0.4589178356713427 0.14713094654242276 0.10020040080160321
0 0.5586071603727317 0.2094188376753507 0.14713094654242276 0.10020040080160321
0 0.3457577243746935 0.22879091516366065 0.14713094654242276 0.10020040080160321
