0 0.5594020456333596 0.10371376811594203 0.23603461841070023 0.1358695652173913
0 0.21400472069236823 0.10733695652173914 0.23603461841070023 0.1358695652173913
0 0.6648308418568056 0.09057971014492754 0.23603461841070023 0.1358695652173913
0 0.4177812745869394 0.07246376811594203 0.23603461841070023 0.1358695652173913
0 0.14948859166011014 0.07835144927536232 0.23603461841070023 0.1358695652173913
0 0.15656963021243114 0.12228260869565218 0.23603461841070023 0.1358695652173913
0 0.7065302911093627 0.1213768115942029 0.23603461841070023 0.1358695652173913
0 0.40597954366640443 0.125 0.23603461841070023 0.1358695652173913
0 0.7348544453186467 0.14945652173913043 0.23603461841070023 0.1358695652173913
0 0.4940991345397325 0.10099637681159421 0.23603461841070023 0.1358695652173913
