0 0.2829875518672199 0.6884975233902036 0.24896265560165975 0.1651073197578426
0 0.7742738589211619 0.5740231150247661 0.24896265560165975 0.1651073197578426
0 0.5004149377593361 0.6813428728673638 0.24896265560165975 0.1651073197578426
0 0.6199170124481328 0.22784810126582278 0.24896265560165975 0.1651073197578426
0 0.21244813278008298 0.1651073197578426 0.24896265560165975 0.1651073197578426
0 0.5634854771784232 0.4402861860209136 0.24896265560165975 0.1651073197578426
0 0.27883817427385893 0.0957622454595487 0.24896265560165975 0.1651073197578426
0 0.15269709543568466 0.5228398458998349 0.24896265560165975 0.1651073197578426
0 0.2962655601659751 0.3896532746285085 0.24896265560165975 0.1651073197578426
0 0.30456431535269707 0.18436984039625756 0.24896265560165975 0.1651073197578426
