0 0.573134328358209 0.4921185372005044 0.1791044776119403 0.09457755359394704
0 0.6011940298507462 0.17023959646910466 0.1791044776119403 0.09457755359394704
0 0.6943283582089552 0.7203656998738966 0.1791044776119403 0.09457755359394704
0 0.7534328358208955 0.5365699873896596 0.1791044776119403 0.09457755359394704
0 0.3086567164179104 0.33827238335435056 0.1791044776119403 0.09457755359394704
0 0.3086567164179104 0.41992433795712486 0.1791044776119403 0.09457755359394704
0 0.47940298507462686 0.28467843631778056 0.1791044776119403 0.09457755359394704
0 0.5205970149253731 0.694829760403531 0.1791044776119403 0.09457755359394704
0 0.511044776119403 0.5535939470365699 0.1791044776119403 0.09457755359394704
0 0.5486567164179105 0.3953341740226986 0.1791044776119403 0.09457755359394704
