0 0.259825327510917 0.5650128314798973 0.16375545851528384 0.1283147989734816
0 0.6031659388646288 0.07869974337040206 0.16375545851528384 0.1283147989734816
0 0.3935589519650655 0.12574850299401197 0.16375545851528384 0.1283147989734816
0 0.6632096069868996 0.3220701454234388 0.16375545851528384 0.1283147989734816
0 0.7478165938864629 0.0641573994867408 0.16375545851528384 0.1283147989734816
0 0.32041484716157204 0.6000855431993156 0.16375545851528384 0.1283147989734816
0 0.19814410480349345 0.09452523524379812 0.16375545851528384 0.1283147989734816
0 0.412117903930131 0.14328485885372114 0.16375545851528384 0.1283147989734816
0 0.5895196506550219 0.6124893071000855 0.16375545851528384 0.1283147989734816
0 0.23526200873362446 0.26047904191616766 0.16375545851528384 0.1283147989734816
