0 0.44766839378238343 0.20968203953022058 0.15544041450777202 0.08593526210254941
0 0.5300518134715025 0.42079633342881695 0.15544041450777202 0.08593526210254941
0 0.6818652849740933 0.33772558006301917 0.15544041450777202 0.08593526210254941
0 0.3849740932642487 0.21798911486680034 0.15544041450777202 0.08593526210254941
0 0.5341968911917099 0.6373531939272414 0.15544041450777202 0.08593526210254941
0 0.6409326424870466 0.23918647951876254 0.15544041450777202 0.08593526210254941
0 0.36580310880829014 0.14895445431108564 0.15544041450777202 0.08593526210254941
0 0.6067357512953367 0.1535376682898883 0.15544041450777202 0.08593526210254941
0 0.3145077720207254 0.33142366084216557 0.15544041450777202 0.08593526210254941
0 0.3134715025906736 0.47522199942709825 0.15544041450777202 0.08593526210254941
