0 0.6250742721330956 0.6850282485875706 0.17825311942959002 0.14124293785310735
0 0.5727866904337493 0.832391713747646 0.17825311942959002 0.14124293785310735
0 0.22459893048128343 0.2382297551789077 0.17825311942959002 0.14124293785310735
0 0.7100415923945336 0.5409604519774012 0.17825311942959002 0.14124293785310735
0 0.23351158645276293 0.3728813559322034 0.17825311942959002 0.14124293785310735
0 0.7272727272727273 0.2829566854990584 0.17825311942959002 0.14124293785310735
0 0.48366013071895425 0.4458568738229755 0.17825311942959002 0.14124293785310735
0 0.5317884729649436 0.536723163841808 0.17825311942959002 0.14124293785310735
0 0.5216874628639334 0.3507532956685499 0.17825311942959002 0.14124293785310735
0 0.36957813428401665 0.2904896421845574 0.17825311942959002 0.14124293785310735
