0 0.3415195702225633 0.07780082987551867 0.23023791250959325 0.15560165975103735
0 0.3760552570990023 0.6701244813278008 0.23023791250959325 0.15560165975103735
0 0.36531082118188796 0.8215767634854771 0.23023791250959325 0.15560165975103735
0 0.7521105141980046 0.13537344398340248 0.23023791250959325 0.15560165975103735
0 0.5533384497313891 0.34387966804979253 0.23023791250959325 0.15560165975103735
0 0.7766692248656946 0.5819502074688797 0.23023791250959325 0.15560165975103735
0 0.33461243284727554 0.5031120331950207 0.23023791250959325 0.15560165975103735
0 0.7429009976976209 0.30601659751037347 0.23023791250959325 0.15560165975103735
0 0.3338449731389102 0.2650414937759336 0.23023791250959325 0.15560165975103735
0 0.5602455871066769 0.5518672199170125 0.23023791250959325 0.15560165975103735
