0 0.4132791327913279 0.688367129135539 0.2032520325203252 0.16008537886872998
0 0.3902439024390244 0.12540021344717184 0.2032520325203252 0.16008537886872998
0 0.33739837398373984 0.5421558164354322 0.2032520325203252 0.16008537886872998
0 0.4898373983739837 0.5266808964781217 0.2032520325203252 0.16008537886872998
0 0.1016260162601626 0.6104589114194237 0.2032520325203252 0.16008537886872998
0 0.4600271002710027 0.8383137673425827 0.2032520325203252 0.16008537886872998
0 0.4146341463414634 0.33991462113127 0.2032520325203252 0.16008537886872998
0 0.22628726287262874 0.8591248665955176 0.2032520325203252 0.16008537886872998
0 0.6449864498644986 0.1718249733191035 0.2032520325203252 0.16008537886872998
0 0.714769647696477 0.5314834578441836 0.2032520325203252 0.16008537886872998
