0 0.5007692307692307 0.7433977138352384 0.23076923076923078 0.11824990145841545
0 0.23846153846153847 0.34095388253843123 0.23076923076923078 0.11824990145841545
0 0.8053846153846154 0.24320063066614112 0.23076923076923078 0.11824990145841545
0 0.6438461538461538 0.11470240441466299 0.23076923076923078 0.11824990145841545
0 0.6761538461538461 0.875443437130469 0.23076923076923078 0.11824990145841545
0 0.5984615384615385 0.28931809223492316 0.23076923076923078 0.11824990145841545
0 0.2630769230769231 0.059124950729207724 0.23076923076923078 0.11824990145841545
0 0.3515384615384615 0.1687031927473394 0.23076923076923078 0.11824990145841545
0 0.6630769230769231 0.44540796216003153 0.23076923076923078 0.11824990145841545
0 0.45615384615384613 0.5226645644461962 0.23076923076923078 0.11824990145841545
