0 0.5738758029978587 0.5890850722311396 0.21413276231263384 0.09630818619582665
0 0.4211277658815132 0.38362760834670945 0.21413276231263384 0.09630818619582665
0 0.6638115631691649 0.6991974317817015 0.21413276231263384 0.09630818619582665
0 0.22341184867951464 0.27223113964686996 0.21413276231263384 0.09630818619582665
0 0.3497501784439686 0.23852327447833066 0.21413276231263384 0.09630818619582665
0 0.7516059957173448 0.3075441412520064 0.21413276231263384 0.09630818619582665
0 0.6588151320485368 0.40353130016051364 0.21413276231263384 0.09630818619582665
0 0.4782298358315489 0.3274478330658106 0.21413276231263384 0.09630818619582665
0 0.6266952177016417 0.28731942215088285 0.21413276231263384 0.09630818619582665
0 0.6381156316916489 0.501123595505618 0.21413276231263384 0.09630818619582665
