0 0.6151241534988713 0.5895522388059702 0.33860045146726864 0.15991471215351813
0 0.24040632054176073 0.5474413646055437 0.33860045146726864 0.15991471215351813
0 0.35214446952595935 0.31343283582089554 0.33860045146726864 0.15991471215351813
0 0.6433408577878104 0.09754797441364606 0.33860045146726864 0.15991471215351813
0 0.698645598194131 0.3640724946695096 0.33860045146726864 0.15991471215351813
0 0.518058690744921 0.7414712153518124 0.33860045146726864 0.15991471215351813
0 0.5428893905191874 0.47494669509594883 0.33860045146726864 0.15991471215351813
0 0.345372460496614 0.8736673773987207 0.33860045146726864 0.15991471215351813
0 0.27878103837471785 0.11513859275053305 0.33860045146726864 0.15991471215351813
0 0.5417607223476298 0.26918976545842216 0.33860045146726864 0.15991471215351813
