0 0.862240663900415 0.13868986693961105 0.24896265560165975 0.1535312180143296
0 0.3269709543568465 0.1714431934493347 0.24896265560165975 0.1535312180143296
0 0.38589211618257263 0.4641760491299898 0.24896265560165975 0.1535312180143296
0 0.3817427385892116 0.6509723643807575 0.24896265560165975 0.1535312180143296
0 0.5435684647302904 0.7523029682702149 0.24896265560165975 0.1535312180143296
0 0.7319502074688796 0.563971340839304 0.24896265560165975 0.1535312180143296
0 0.7468879668049793 0.3382804503582395 0.24896265560165975 0.1535312180143296
0 0.33112033195020746 0.3280450358239509 0.24896265560165975 0.1535312180143296
0 0.5684647302904564 0.1647901740020471 0.24896265560165975 0.1535312180143296
0 0.674688796680498 0.4181166837256909 0.24896265560165975 0.1535312180143296
